1.01884	0	5360
1.04156	5360	5896
1.04628	5896	6432
1.051	6432	6968
1.05572	6968	7504
1.06044	7504	8040
1.06516	8040	8576
1.06988	8576	9112
1.0746	9112	9648
1.07932	9648	10184
1.08404	10184	10720
1.08876	10720	11256
1.09348	11256	11792
1.0982	11792	12328
1.10292	12328	12864
1.10764	12864	13400
1.11236	13400	13936
1.11708	13936	14472
1.1218	14472	15008
1.12652	15008	15544
1.13124	15544	16080
1.13596	16080	16616
1.14068	16616	17152
1.1454	17152	17688
1.15012	17688	18224
1.15507	18224	18760
1.15979	18760	19296
1.16451	19296	19832
1.16923	19832	20368
1.17395	20368	20904
1.17867	20904	21440
1.18339	21440	21976
1.18811	21976	22512
1.19283	22512	22524
1.19755	22524	22536
1.20227	22536	22548
1.20699	22548	22560
1.21171	22560	22572
1.21643	22572	22584
1.22115	22584	22596
1.22609	22596	22608
1.23317	22608	22620
1.2493	22620	22632
1.26321	22632	22644
1.26793	22644	22656
1.27265	22656	22668
1.27737	22668	22680
1.28209	22680	22692
1.28681	22692	22704
1.29153	22704	22716
1.29625	22716	22728
1.30097	22728	22740
1.30569	22740	22752
1.31041	22752	22764
1.31513	22764	22776
1.31985	22776	22788
1.3248	22788	22800
1.32952	22800	22812
1.33424	22812	22824
1.33896	22824	22836
1.34368	22836	22848
1.3484	22848	22860
1.35784	22860	22872
1.37672	22872	22884
1.3956	22884	22896
1.40032	22896	22908
1.40504	22908	22920
1.40976	22920	22932
1.41448	22932	22944
1.4192	22944	22956
1.42392	22956	22968
1.42864	22968	22980
1.43359	22980	22992
1.43831	22992	23004
1.44303	23004	23016
1.44775	23016	23028
1.45269	23028	23040
1.47118	23040	23052
1.48509	23052	23064
1.48981	23064	23076
1.49453	23076	23088
1.49925	23088	23100
1.50397	23100	23112
1.51577	23112	23124
1.54173	23124	23136
1.56769	23136	23148
1.57241	23148	23160
1.57713	23160	23172
1.58185	23172	23184
1.58657	23184	23196
1.59129	23196	23208
1.59601	23208	23220
1.60094	23220	23232
1.61944	23232	23244
1.63334	23244	23256
1.63806	23256	23268
1.64278	23268	23280
1.6475	23280	23292
1.6711	23292	23304
1.68998	23304	23316
1.6947	23316	23328
1.69942	23328	23340
1.70414	23340	23352
1.70886	23352	23364
1.72774	23364	23376
1.76078	23376	23388
1.79618	23388	23400
1.8009	23400	23412
1.80562	23412	23424
1.81034	23424	23436
1.81506	23436	23448
1.81978	23448	23460
1.8245	23460	23472
1.82922	23472	23484
1.85282	23484	23496
1.8717	23496	23508
1.87642	23508	23520
1.88114	23520	23532
1.88586	23532	23544
1.9189	23544	23556
1.94486	23556	23568
1.94958	23568	23580
1.9543	23580	23592
1.95902	23592	23604
1.96374	23604	23616
1.98262	23616	23628
2.01566	23628	23640
2.0487	23640	23652
2.05342	23652	23664
2.05814	23664	23676
2.06286	23676	23688
2.06758	23688	23700
2.0723	23700	23712
2.07702	23712	23724
2.0841	23724	23736
2.11242	23736	23748
2.1313	23748	23760
2.13602	23760	23772
2.1431	23772	23784
2.16906	23784	23796
2.18322	23796	23808
2.20446	23808	23820
2.20918	23820	23832
2.21626	23832	23844
2.2257	23844	23856
2.25166	23856	23868
2.25638	23868	23880
2.27054	23880	23892
2.28942	23892	23904
2.31066	23904	23916
2.32246	23916	23928
2.32718	23928	23940
2.33662	23940	23952
2.3555	23952	23963
2.37202	23963	23974
2.38854	23974	23985
2.39326	23985	23996
2.41686	23996	24007
2.43108	24007	23048
2.54206	23048	22512
2.58932	22512	21976
2.63652	21976	21708
2.63888	21708	21440
2.64124	21440	20636
2.66248	20636	20368
2.66484	20368	20100
2.68372	20100	19832
2.68608	19832	19564
2.68844	19564	18760
2.70968	18760	18492
2.71204	18492	18224
2.7144	18224	17956
2.73564	17956	17688
2.738	17688	17420
2.75688	17420	16616
2.75924	16616	16348
2.7616	16348	16080
2.78284	16080	15812
2.7852	15812	15544
2.80408	15544	15276
2.80644	15276	14472
2.8088	14472	13668
2.83004	13668	13400
2.8324	13400	13132
2.85364	13132	12864
2.856	12864	12596
2.85836	12596	11256
3.78284	11256	536
4.20514	536	1072
4.31194	1072	1608
4.42522	1608	2144
4.54558	2144	2680
4.5503	2680	3216
4.67302	3216	3752
4.67774	3752	4288
4.68246	4288	4824
4.80282	4824	5360
4.80754	5360	5896
4.80754	5896	5944
4.81226	5944	5992
4.81698	5992	6039
4.94206	6039	6086
4.94678	6086	6133
4.9515	6133	6179
4.95622	6179	6225
4.96094	6225	6271
5.09074	6271	6316
5.09546	6316	6361
5.10018	6361	6406
5.1049	6406	6450
5.10962	6450	6494
5.2465	6494	6538
5.25122	6538	6581
5.25594	6581	6624
5.26066	6624	6667
5.26538	6667	6710
5.2701	6710	6752
5.40462	6752	6794
5.40934	6794	6836
5.41406	6836	6878
5.41878	6878	6919
5.4235	6919	6960
5.42822	6960	7001
5.5651	7001	7042
5.56982	7042	7082
5.57454	7082	7122
5.57926	7122	7162
5.58398	7162	7202
5.5887	7202	7241
5.73266	7241	7280
5.73738	7280	7319
5.7421	7319	7358
5.74682	7358	7397
5.75154	7397	7435
5.75626	7435	7473
5.90494	7473	7511
5.90966	7511	7549
5.91438	7549	7587
5.9191	7587	7624
5.92382	7624	7661
5.92854	7661	7698
6.07958	7698	7735
6.0843	7735	7772
6.08902	7772	7808
6.09374	7808	7844
6.09846	7844	7880
6.10318	7880	7916
6.1079	7916	7952
6.25658	7952	7988
6.2613	7988	8023
6.26602	8023	8058
6.27074	8058	8093
6.27546	8093	8128
6.28018	8128	8163
6.2849	8163	8198
6.44066	8198	8233
6.44538	8233	8267
6.4501	8267	8301
6.45482	8301	8335
6.45954	8335	8369
6.46426	8369	8403
6.46898	8403	8437
6.63182	8437	8471
6.63654	8471	8504
6.64126	8504	8537
6.64598	8537	8570
6.6507	8570	8603
6.65542	8603	8636
6.66014	8636	8669
6.82298	8669	8702
6.8277	8702	8735
6.83242	8735	8767
6.83714	8767	8799
6.84186	8799	8831
6.84658	8831	8863
6.8513	8863	8895
6.85602	8895	8927
7.02122	8927	8959
7.02594	8959	8991
7.03066	8991	9022
7.03538	9022	9053
7.0401	9053	9084
7.04482	9084	9115
7.04954	9115	9146
7.05426	9146	9177
7.22182	9177	9208
7.22654	9208	9239
7.23126	9239	9270
7.23598	9270	9300
7.2407	9300	9330
7.24542	9330	9360
7.25014	9360	9390
7.25486	9390	9420
7.42714	9420	9450
7.43186	9450	9480
7.43658	9480	9510
7.4413	9510	9540
7.44602	9540	9570
7.45074	9570	9600
7.45546	9600	9629
7.46018	9629	9658
7.63954	9658	9687
7.64426	9687	9716
7.64898	9716	9745
7.6537	9745	9774
7.65842	9774	9803
7.66314	9803	9832
7.66786	9832	9861
7.67258	9861	9890
7.6773	9890	9919
7.8543	9919	9947
7.85902	9947	9975
7.86374	9975	10003
7.86846	10003	10031
7.87318	10031	10059
7.8779	10059	10087
7.88262	10087	10115
7.88734	10115	10143
7.89206	10143	10171
8.07142	10171	10199
8.07614	10199	10227
8.08086	10227	10255
8.08558	10255	10283
8.0903	10283	10310
8.09502	10310	10337
8.09974	10337	10364
8.10446	10364	10391
8.10918	10391	10418
8.29562	10418	10445
8.30034	10445	10472
8.30506	10472	10499
8.30978	10499	10526
8.3145	10526	10553
8.31922	10553	10580
8.32394	10580	10607
8.32866	10607	10634
8.33338	10634	10661
8.5269	10661	10687
8.53162	10687	10713
8.53634	10713	10739
8.54106	10739	10765
8.54578	10765	10791
8.5505	10791	10817
8.55522	10817	10843
8.55994	10843	10869
8.56466	10869	10895
8.75582	10895	10921
8.76054	10921	10947
8.76526	10947	10973
8.76998	10973	10999
8.7747	10999	11025
8.77942	11025	11051
8.78414	11051	11076
8.78886	11076	11101
8.79358	11101	11126
8.7983	11126	11151
8.98946	11151	11176
8.99418	11176	11201
8.9989	11201	11226
9.00362	11226	11251
9.00834	11251	11276
9.01306	11276	11301
9.01778	11301	11326
9.0225	11326	11351
9.02722	11351	11376
9.03194	11376	11401
9.23018	11401	11426
9.2349	11426	11451
9.23962	11451	11476
9.24434	11476	11501
9.24906	11501	11525
9.25378	11525	11549
9.2585	11549	11573
9.26322	11573	11597
9.26794	11597	11621
9.27266	11621	11645
9.47502	11645	11669
9.48034	11669	11693
9.48506	11693	11717
9.48978	11717	11741
9.4945	11741	11765
9.49922	11765	11789
9.50394	11789	11813
9.50866	11813	11837
9.51338	11837	11861
9.5181	11861	11885
9.52282	11885	11909
9.7305	11909	11933
9.73522	11933	11957
9.73994	11957	11981
9.74466	11981	12004
9.74938	12004	12027
9.7541	12027	12050
9.75882	12050	12073
9.76354	12073	12096
9.76826	12096	12119
9.77298	12119	12142
9.7777	12142	12165
9.98302	12165	12188
9.98774	12188	12211
9.99246	12211	12234
9.99718	12234	12257
10.0019	12257	12280
10.0066	12280	12303
10.0113	12303	12326
10.0161	12326	12349
10.0208	12349	12372
10.0255	12372	12395
10.0302	12395	12418
10.2403	12418	12441
10.245	12441	12464
10.2497	12464	12487
10.2544	12487	12510
10.2591	12510	12532
10.2639	12532	12554
10.2686	12554	12576
10.2733	12576	12598
10.278	12598	12620
10.2827	12620	12642
10.2875	12642	12664
10.4898	12664	12686
10.5022	12686	12708
10.5117	12708	12730
10.5164	12730	12752
10.5211	12752	12774
10.5258	12774	12796
10.5305	12796	12818
10.5353	12818	12840
10.54	12840	12862
10.5447	12862	12884
10.5494	12884	12906
10.5801	12906	12928
10.7618	12928	12950
10.7713	12950	12972
10.7807	12972	12994
10.7878	12994	13016
10.7925	13016	13038
10.7972	13038	13060
10.8019	13060	13081
10.8067	13081	13102
10.8114	13102	13123
10.8397	13123	13144
10.8515	13144	13165
10.8657	13165	13186
11.0238	13186	13207
11.0474	13207	13228
11.0521	13228	13249
11.0592	13249	13270
11.0639	13270	13291
11.0686	13291	13312
11.0733	13312	13333
11.0946	13333	13354
11.1087	13354	13375
11.1253	13375	13396
11.1441	13396	13417
11.1607	13417	13438
11.2857	13438	13459
11.3093	13459	13480
11.3211	13480	13501
11.3259	13501	13522
11.3471	13522	13543
11.3683	13543	13564
11.3754	13564	13585
11.3872	13585	13606
11.4061	13606	13627
11.425	13627	13648
11.4463	13648	12864
11.6516	12864	12596
11.654	12596	12328
11.6563	12328	12060
11.6705	12060	11792
11.6728	11792	11524
11.6846	11524	11256
11.687	11256	10988
11.6917	10988	10720
11.7059	10720	10452
11.7106	10452	10184
11.7248	10184	9916
11.7271	9916	9648
11.7294	9648	6164
11.7294	6164	6210
11.7955	6210	6256
11.8191	6256	6301
11.8356	6301	6346
11.8545	6346	6391
11.8734	6391	6435
11.897	6435	6479
11.9253	6479	6523
11.9442	6523	6567
12.0693	6567	6610
12.0881	6610	6653
12.0929	6653	6696
12.1165	6696	6738
12.1471	6738	6780
12.166	6780	6822
12.2911	6822	6864
12.31	6864	6905
12.3147	6905	6946
12.3383	6946	6987
12.3666	6987	7028
12.3855	7028	7068
12.5153	7068	7108
12.5342	7108	7148
12.5389	7148	7188
12.5625	7188	7227
12.5908	7227	7266
12.6097	7266	7305
12.7442	7305	7344
12.7631	7344	7383
12.7678	7383	7421
12.7938	7421	7459
12.8221	7459	7497
12.841	7497	7535
12.9779	7535	7573
12.9991	7573	7610
13.0038	7610	7647
13.0274	7647	7684
13.0557	7684	7721
13.0746	7721	7758
13.0793	7758	7795
13.2186	7795	7831
13.2375	7831	7867
13.2422	7867	7903
13.2658	7903	7939
13.2965	7939	7975
13.3153	7975	8011
13.3201	8011	8046
13.4569	8046	8081
13.4758	8081	8116
13.4805	8116	8151
13.5065	8151	8186
13.5395	8186	8221
13.5584	8221	8255
13.5631	8255	8289
13.7	8289	8323
13.7213	8323	8357
13.726	8357	8391
13.7543	8391	8425
13.7873	8425	8459
13.8062	8459	8492
13.8109	8492	8525
13.9502	8525	8558
13.9738	8558	8591
13.9785	8591	8624
14.0068	8624	8657
14.0399	8657	8690
14.0587	8690	8723
14.0635	8723	8755
14.2027	8755	8787
14.2263	8787	8819
14.231	8819	8851
14.2357	8851	8883
14.2664	8883	8915
14.2995	8915	8947
14.3183	8947	8979
14.3231	8979	9010
14.4623	9010	9041
14.4859	9041	9072
14.4906	9072	9103
14.4953	9103	9134
14.5237	9134	9165
14.5567	9165	9196
14.5756	9196	9227
14.5803	9227	9258
14.7243	9258	9289
14.7479	9289	9319
14.7526	9319	9349
14.7644	9349	9379
14.7856	9379	9409
14.8163	9409	9439
14.8352	9439	9469
14.8399	9469	9499
14.9839	9499	9529
15.0075	9529	9559
15.0122	9559	9589
15.0263	9589	9618
15.0452	9618	9647
15.0759	9647	9676
15.0971	9676	9705
15.1137	9705	9734
15.2435	9734	9763
15.2671	9763	9792
15.2718	9792	9821
15.2859	9821	9850
15.3119	9850	9879
15.3355	9879	9908
15.3402	9908	9936
15.3591	9936	9964
15.378	9964	9992
15.5054	9992	10020
15.529	10020	10048
15.5408	10048	10076
15.5479	10076	10104
15.5739	10104	10132
15.5975	10132	10160
15.6093	10160	10188
15.6211	10188	10216
15.6399	10216	10244
15.7674	10244	10272
15.791	10272	10299
15.8146	10299	10326
15.8264	10326	10353
15.85	10353	10380
15.8665	10380	10407
15.8901	10407	10434
15.9161	10434	10461
15.9208	10461	10488
16.0152	10488	10515
16.0388	10515	10542
16.0529	10542	10569
16.0671	10569	10596
16.0883	10596	10623
16.1025	10623	10650
16.1214	10650	10676
16.1473	10676	10702
16.1521	10702	10728
16.2465	10728	10754
16.2724	10754	10780
16.2866	10780	10806
16.3007	10806	10832
16.3243	10832	10858
16.3385	10858	10884
16.3574	10884	10910
16.381	10910	10936
16.3857	10936	10962
16.3904	10962	10988
16.4872	10988	11014
16.5108	11014	11040
16.5249	11040	11066
16.5391	11066	11091
16.5627	11091	11116
16.5769	11116	11141
16.5957	11141	11166
16.6193	11166	11191
16.6241	11191	11216
16.6288	11216	11241
16.7255	11241	11266
16.7491	11266	11291
16.7633	11291	11316
16.7775	11316	11341
16.8034	11341	11366
16.8176	11366	11391
16.8365	11391	11416
16.8601	11416	11441
16.8648	11441	11466
16.8695	11466	11491
16.9686	11491	11516
16.9922	11516	11540
17.0064	11540	11564
17.0229	11564	11588
17.0512	11588	11612
17.0654	11612	11636
17.0843	11636	11660
17.1079	11660	11684
17.1126	11684	11708
17.1173	11708	11732
17.2188	11732	11756
17.2424	11756	11780
17.2565	11780	11804
17.2754	11804	11828
17.3037	11828	11852
17.3203	11852	11876
17.3391	11876	11900
17.3627	11900	11924
17.3675	11924	11948
17.3722	11948	11972
17.4713	11972	11995
17.4949	11995	12018
17.5091	12018	12041
17.5138	12041	12064
17.535	12064	12087
17.5633	12087	12110
17.5775	12110	12133
17.5964	12133	12156
17.62	12156	12179
17.6247	12179	12202
17.6294	12202	12225
17.7285	12225	12248
17.7545	12248	12271
17.7687	12271	12294
17.7734	12294	12317
17.7923	12317	12340
17.8206	12340	12363
17.8347	12363	12386
17.8536	12386	12409
17.8796	12409	12432
17.8843	12432	12455
17.889	12455	12478
17.9881	12478	12501
18.0165	12501	12523
18.0306	12523	12545
18.0424	12545	12567
18.0613	12567	12589
18.0825	12589	12611
18.0967	12611	12633
18.125	12633	12655
18.1392	12655	12677
18.151	12677	12699
18.1699	12699	12721
18.2477	12721	12743
18.2761	12743	12765
18.2902	12765	12787
18.3091	12787	12809
18.328	12809	12831
18.3469	12831	12853
18.3563	12853	12875
18.387	12875	12897
18.4011	12897	12919
18.4129	12919	12941
18.4318	12941	12963
18.5073	12963	12985
18.5357	12985	13007
18.5498	13007	13029
18.5687	13029	13051
18.5876	13051	13073
18.6065	13073	13094
18.6277	13094	13115
18.6419	13115	13136
18.6489	13136	13157
18.6796	13157	13178
18.6891	13178	13199
18.7079	13199	13220
18.7693	13220	13241
18.7976	13241	13262
18.8236	13262	13283
18.8307	13283	13304
18.8519	13304	13325
18.8684	13325	13346
18.892	13346	13367
18.9038	13367	13388
18.9274	13388	13409
18.9416	13409	13430
18.9723	13430	13451
18.977	13451	13472
19.0289	13472	13493
19.0478	13493	13514
19.069	13514	13535
19.0737	13535	13556
19.0879	13556	13577
19.1021	13577	13598
19.1233	13598	13619
19.1351	13619	13640
19.1611	13640	13661
19.1752	13661	13682
19.2035	13682	13702
19.2083	13702	13722
19.2531	13722	13742
19.2696	13742	13762
19.2909	13762	13782
19.2956	13782	13802
19.3097	13802	13822
19.3239	13822	13842
19.3381	13842	13862
19.3428	13862	13882
19.3687	13882	13902
19.3829	13902	13922
19.4136	13922	13942
19.4183	13942	13962
19.4655	13962	13982
19.4797	13982	14002
19.5033	14002	14022
19.508	14022	14042
19.5221	14042	14062
19.5363	14062	14082
19.5505	14082	14102
19.5552	14102	14122
19.5788	14122	14142
19.5929	14142	14162
19.6213	14162	14182
19.626	14182	14202
19.6307	14202	14222
19.6826	14222	14242
19.6968	14242	14262
19.7204	14262	14282
19.7251	14282	14302
19.7393	14302	14322
19.7534	14322	14342
19.7676	14342	14362
19.7723	14362	14382
19.7959	14382	14401
19.8101	14401	14420
19.8384	14420	14439
19.8431	14439	14458
19.8478	14458	14477
19.9021	14477	14496
19.9163	14496	14515
19.9399	14515	14534
19.9446	14534	14553
19.9587	14553	14572
19.9729	14572	14591
19.9871	14591	14610
19.9918	14610	14629
20.0154	14629	14648
20.0295	14648	14667
20.0579	14667	14686
20.0626	14686	14705
20.0673	14705	14724
20.1263	14724	14743
20.1428	14743	14762
20.1664	14762	14781
20.1711	14781	14800
20.1853	14800	14819
20.1995	14819	14838
20.2136	14838	14857
20.2183	14857	14876
20.2419	14876	14895
20.2561	14895	14914
20.2844	14914	14933
20.2891	14933	14952
20.2939	14952	14971
20.3529	14971	14990
20.3717	14990	15009
20.3953	15009	15028
20.4001	15028	15047
20.4142	15047	15066
20.4284	15066	15085
20.4425	15085	15104
20.4473	15104	15123
20.4709	15123	15141
20.485	15141	15159
20.5133	15159	15177
20.5181	15177	15195
20.5228	15195	15213
20.5794	15213	15231
20.5983	15231	15249
20.603	15249	15267
20.6313	15267	15285
20.6361	15285	15303
20.6502	15303	15321
20.6644	15321	15339
20.6785	15339	15357
20.6833	15357	15375
20.7069	15375	15393
20.721	15393	15411
20.7493	15411	15429
20.7541	15429	15447
20.7588	15447	15465
20.8178	15465	15483
20.8367	15483	15501
20.8414	15501	15519
20.8697	15519	15537
20.8744	15537	15555
20.8886	15555	15573
20.9027	15573	15591
20.9169	15591	15609
20.9216	15609	15627
20.9452	15627	15645
20.9594	15645	15663
20.9877	15663	15681
20.9924	15681	15699
20.9971	15699	15717
21.0585	15717	15735
21.0774	15735	15753
21.0821	15753	15771
21.1104	15771	15789
21.1151	15789	15807
21.1293	15807	15825
21.1458	15825	15843
21.16	15843	15861
21.1647	15861	15879
21.1907	15879	15897
21.2048	15897	15915
21.2331	15915	15933
21.2379	15933	15951
21.2426	15951	15969
21.3039	15969	15986
21.3228	15986	16003
21.3275	16003	16020
21.3582	16020	16037
21.3629	16037	16054
21.3771	16054	16071
21.396	16071	16088
21.4101	16088	16105
21.4149	16105	16122
21.4385	16122	16139
21.4526	16139	16156
21.4809	16156	16173
21.4857	16173	16190
21.4904	16190	16207
21.5517	16207	16224
21.5706	16224	16241
21.5753	16241	16258
21.6037	16258	16275
21.6084	16275	16292
21.6225	16292	16309
21.6414	16309	16326
21.6461	16326	16343
21.6627	16343	16360
21.6674	16360	16377
21.691	16377	16394
21.7051	16394	16411
21.7335	16411	16428
21.7382	16428	16445
21.7429	16445	16462
21.8066	16462	16479
21.8255	16479	16496
21.8302	16496	16513
21.8585	16513	16530
21.8633	16530	16547
21.8774	16547	16564
21.8987	16564	16581
21.9034	16581	16598
21.9175	16598	16615
21.9223	16615	16632
21.9459	16632	16649
21.96	16649	16666
21.9883	16666	16683
21.9931	16683	16700
21.9978	16700	16717
22.0639	16717	16734
22.0827	16734	16751
22.0875	16751	16768
22.1158	16768	16785
22.1205	16785	16802
22.1347	16802	16819
22.1583	16819	16836
22.163	16836	16853
22.1771	16853	16870
22.1819	16870	16887
22.2055	16887	16904
22.2196	16904	16920
22.2479	16920	16936
22.2527	16936	16952
22.2597	16952	16968
22.3235	16968	16984
22.3423	16984	17000
22.3471	17000	17016
22.3754	17016	17032
22.3801	17032	17048
22.3943	17048	17064
22.4179	17064	17080
22.4226	17080	17096
22.4391	17096	17112
22.4485	17112	17128
22.4769	17128	17144
22.4816	17144	17160
22.5099	17160	17176
22.5146	17176	17192
22.5193	17192	17208
22.5831	17208	17224
22.6019	17224	17240
22.6067	17240	17256
22.635	17256	17272
22.6397	17272	17288
22.6562	17288	17304
22.6775	17304	17320
22.6822	17320	17336
22.6987	17336	17352
22.7081	17352	17368
22.7365	17368	17384
22.7412	17384	17400
22.7601	17400	17416
22.7719	17416	17432
22.7813	17432	17448
22.7907	17448	17464
22.845	17464	17480
22.8639	17480	17496
22.8804	17496	17512
22.8969	17512	17528
22.9135	17528	17544
22.9182	17544	17560
22.9394	17560	17576
22.9512	17576	17592
22.9607	17592	17608
22.989	17608	17624
22.9984	17624	17640
23.0102	17640	17656
23.022	17656	17672
23.0503	17672	17688
23.0598	17688	17704
23.0739	17704	17720
23.107	17720	17736
23.1259	17736	17752
23.1613	17752	17768
23.166	17768	17784
23.1849	17784	17800
23.199	17800	17816
23.2179	17816	17832
23.2391	17832	17848
23.2486	17848	17864
23.2675	17864	17880
23.2887	17880	17896
23.3076	17896	17912
23.3241	17912	17928
23.3335	17928	17944
23.3548	17944	17960
23.3807	17960	17975
23.402	17975	17990
23.4067	17990	18005
23.4303	18005	18020
23.4468	18020	18035
23.4657	18035	18050
23.4822	18050	18065
23.4869	18065	18080
23.5035	18080	18095
23.5247	18095	18110
23.5412	18110	18125
23.5507	18125	18140
23.5695	18140	18155
23.5884	18155	18170
23.6097	18170	18185
23.6285	18185	18200
23.6403	18200	18215
23.6639	18215	18230
23.6852	18230	18245
23.7088	18245	18260
23.7277	18260	18275
23.7324	18275	18290
23.7489	18290	18305
23.7701	18305	18320
23.7867	18320	18335
23.7914	18335	18350
23.8126	18350	18365
23.8291	18365	18380
23.8527	18380	18395
23.8716	18395	18410
23.8763	18410	18425
23.8999	18425	18440
23.9212	18440	18455
23.9448	18455	18470
23.9684	18470	18485
23.9731	18485	18500
23.9873	18500	18515
23.9991	18515	18530
24.0132	18530	18545
24.0179	18545	18560
24.0345	18560	18575
24.0463	18575	18590
24.051	18590	18605
24.0651	18605	18620
24.0746	18620	18635
24.0935	18635	18650
24.1076	18650	18665
24.1123	18665	18680
24.1241	18680	18695
24.1359	18695	18710
24.1548	18710	18725
24.1713	18725	18740
24.1761	18740	18755
24.1879	18755	18770
24.1997	18770	18785
24.2185	18785	18800
24.2233	18800	18815
24.2398	18815	18830
24.2516	18830	18845
24.2563	18845	18860
24.2728	18860	18875
24.2799	18875	18890
24.2988	18890	18905
24.3153	18905	18920
24.32	18920	18935
24.3318	18935	18950
24.3436	18950	18965
24.3601	18965	18980
24.3743	18980	18995
24.379	18995	19010
24.3885	19010	19025
24.4003	19025	19040
24.4144	19040	19055
24.4191	19055	19070
24.4357	19070	19085
24.4451	19085	19100
24.4498	19100	19115
24.4687	19115	19130
24.4734	19130	19145
24.4876	19145	19160
24.5017	19160	19174
24.5065	19174	19188
24.5159	19188	19202
24.5301	19202	19216
24.5442	19216	19230
24.5584	19230	19244
24.5631	19244	19258
24.5725	19258	19272
24.5867	19272	19286
24.6009	19286	19300
24.6056	19300	19314
24.6197	19314	19328
24.6292	19328	19342
24.6339	19342	19356
24.6551	19356	19370
24.6599	19370	19384
24.674	19384	19398
24.6882	19398	19412
24.6929	19412	19426
24.7023	19426	19440
24.7165	19440	19454
24.7307	19454	19468
24.7448	19468	19482
24.7495	19482	19496
24.759	19496	19510
24.7755	19510	19524
24.7897	19524	19538
24.7944	19538	19552
24.7991	19552	19566
24.8133	19566	19580
24.8227	19580	19594
24.8274	19594	19608
24.851	19608	19622
24.8557	19622	19636
24.8699	19636	19650
24.8864	19650	19664
24.8911	19664	19678
24.9006	19678	19692
24.9147	19692	19706
24.9289	19706	19720
24.9431	19720	19734
24.9478	19734	19748
24.9572	19748	19762
24.9714	19762	19776
24.9855	19776	19790
24.9903	19790	19804
24.995	19804	19818
25.0091	19818	19832
25.0186	19832	19846
25.0233	19846	19860
25.0469	19860	19874
25.0516	19874	19888
25.0681	19888	19902
25.087	19902	19916
25.0917	19916	19930
25.1012	19930	19944
25.1153	19944	19958
25.1295	19958	19972
25.1437	19972	19986
25.1484	19986	20000
25.1578	20000	20014
25.172	20014	20028
25.1861	20028	20042
25.1909	20042	20056
25.1956	20056	20070
25.2097	20070	20084
25.2192	20084	20098
25.2239	20098	20112
25.2475	20112	20126
25.2522	20126	20140
25.2664	20140	20154
25.2853	20154	20168
25.29	20168	20182
25.3018	20182	20196
25.3183	20196	20210
25.3325	20210	20224
25.3466	20224	20238
25.3513	20238	20252
25.3608	20252	20266
25.3749	20266	20280
25.3891	20280	20294
25.3938	20294	20308
25.3985	20308	20322
25.4127	20322	20336
25.4221	20336	20350
25.4269	20350	20364
25.4505	20364	20378
25.4552	20378	20392
25.4693	20392	20406
25.4906	20406	20420
25.4953	20420	20434
25.5047	20434	20448
25.5236	20448	20462
25.5378	20462	20476
25.5519	20476	20490
25.5567	20490	20504
25.5661	20504	20518
25.5803	20518	20532
25.5944	20532	20545
25.5991	20545	20558
25.6039	20558	20571
25.618	20571	20584
25.6275	20584	20597
25.6322	20597	20610
25.6558	20610	20623
25.6605	20623	20636
25.6652	20636	20649
25.6794	20649	20662
25.703	20662	20675
25.7077	20675	20688
25.7171	20688	20701
25.7384	20701	20714
25.7549	20714	20727
25.7691	20727	20740
25.7738	20740	20753
25.7832	20753	20766
25.7974	20766	20779
25.8115	20779	20792
25.8163	20792	20805
25.821	20805	20818
25.8351	20818	20831
25.8446	20831	20844
25.8493	20844	20857
25.8729	20857	20870
25.8776	20870	20883
25.8823	20883	20896
25.8965	20896	20909
25.9201	20909	20922
25.9248	20922	20935
25.9343	20935	20948
25.9531	20948	20961
25.972	20961	20974
25.9862	20974	20987
25.9909	20987	21000
26.0027	21000	21013
26.0169	21013	21026
26.031	21026	21039
26.0357	21039	21052
26.0405	21052	21065
26.0546	21065	21078
26.0641	21078	21091
26.0688	21091	21104
26.0924	21104	21117
26.0971	21117	21130
26.1018	21130	21143
26.116	21143	21156
26.1396	21156	21169
26.1443	21169	21182
26.1537	21182	21195
26.1726	21195	21208
26.1939	21208	21221
26.208	21221	21234
26.2127	21234	21247
26.2222	21247	21260
26.2387	21260	21273
26.2529	21273	21286
26.2576	21286	21299
26.2623	21299	21312
26.2765	21312	21325
26.2859	21325	21338
26.2906	21338	21351
26.3142	21351	21364
26.3189	21364	21377
26.3237	21377	21390
26.3378	21390	21403
26.3614	21403	21416
26.3661	21416	21429
26.3756	21429	21442
26.3945	21442	21455
26.4133	21455	21468
26.4275	21468	21481
26.4322	21481	21494
26.4417	21494	21507
26.4605	21507	21520
26.4771	21520	21533
26.4818	21533	21546
26.4865	21546	21559
26.5007	21559	21572
26.5101	21572	21585
26.5148	21585	21598
26.5384	21598	21611
26.5431	21611	21624
26.5479	21624	21637
26.562	21637	21650
26.5856	21650	21663
26.5903	21663	21676
26.5998	21676	21689
26.6045	21689	21702
26.6234	21702	21715
26.6423	21715	21728
26.6564	21728	21741
26.6611	21741	21754
26.6706	21754	21767
26.6918	21767	21780
26.7107	21780	21793
26.7154	21793	21806
26.7201	21806	21819
26.7367	21819	21832
26.7461	21832	21845
26.7508	21845	21858
26.7744	21858	21871
26.7791	21871	21884
26.7839	21884	21897
26.798	21897	21910
26.8216	21910	21923
26.8263	21923	21936
26.8358	21936	21949
26.8405	21949	21962
26.8594	21962	21975
26.8783	21975	21988
26.8924	21988	22001
26.8971	22001	22014
26.9066	22014	22027
26.9255	22027	22040
26.9467	22040	22053
26.9514	22053	22066
26.9561	22066	22079
26.975	22079	22092
26.9845	22092	22105
26.9892	22105	22117
27.0128	22117	22129
27.0175	22129	22141
27.0222	22141	22153
27.0364	22153	22165
27.06	22165	22177
27.0647	22177	22189
27.0741	22189	22201
27.0789	22201	22213
27.0977	22213	22225
27.1166	22225	22237
27.1308	22237	22249
27.1355	22249	22261
27.1449	22261	22273
27.1638	22273	22285
27.1827	22285	22297
27.1874	22297	22309
27.1921	22309	22321
27.2134	22321	22333
27.2228	22333	22345
27.2275	22345	22357
27.2511	22357	22369
27.2559	22369	22381
27.2606	22381	22393
27.2747	22393	22405
27.2983	22405	22417
27.3031	22417	22429
27.3125	22429	22441
27.3172	22441	22453
27.3385	22453	22465
27.3573	22465	22477
27.3715	22477	22489
27.3762	22489	22501
27.3857	22501	22513
27.4045	22513	22525
27.4234	22525	22537
27.4281	22537	22549
27.4329	22549	22561
27.4517	22561	22573
27.4612	22573	22585
27.4659	22585	22597
27.4919	22597	22609
27.4966	22609	22621
27.5013	22621	22633
27.5155	22633	22645
27.5391	22645	22657
27.5438	22657	22669
27.5532	22669	22681
27.5579	22681	22693
27.5815	22693	22705
27.6004	22705	22717
27.6146	22717	22729
27.6193	22729	22741
27.6287	22741	22753
27.6335	22753	22765
27.6523	22765	22777
27.6712	22777	22789
27.6759	22789	22801
27.6807	22801	22813
27.6995	22813	22825
27.709	22825	22837
27.7137	22837	22849
27.742	22849	22861
27.7467	22861	22873
27.7515	22873	22885
27.768	22885	22897
27.7916	22897	22909
27.7963	22909	22921
27.8057	22921	22933
27.8105	22933	22945
27.8364	22945	22957
27.8553	22957	22969
27.8695	22969	22981
27.8742	22981	22993
27.8836	22993	23005
27.8883	23005	23017
27.9072	23017	23029
27.9261	23029	23041
27.9308	23041	23053
27.9355	23053	23065
27.9544	23065	23077
27.9639	23077	23089
27.9686	23089	23101
27.9993	23101	23113
28.004	23113	23125
28.0087	23125	23137
28.0276	23137	23149
28.0512	23149	23161
28.0559	23161	23173
28.0653	23173	23185
28.0701	23185	23197
28.0937	23197	23209
28.1125	23209	23221
28.1267	23221	23233
28.1314	23233	23245
28.1409	23245	23257
28.1456	23257	23269
28.1645	23269	23281
28.1833	23281	23293
28.1881	23293	23305
28.1928	23305	23317
28.2117	23317	23329
28.2211	23329	23341
28.2258	23341	23353
28.2541	23353	23365
28.2589	23365	23377
28.2636	23377	23389
28.2825	23389	23401
28.3084	23401	23413
28.3131	23413	23425
28.3226	23425	23437
28.3273	23437	23449
28.3509	23449	23461
28.3698	23461	23473
28.3863	23473	23485
28.391	23485	23497
28.4005	23497	23509
28.4052	23509	23521
28.4241	23521	23533
28.4429	23533	23545
28.4477	23545	23557
28.4524	23557	23569
28.4713	23569	23581
28.4807	23581	23593
28.4854	23593	23605
28.5137	23605	23617
28.5185	23617	23629
28.5232	23629	23641
28.5421	23641	23653
28.568	23653	23665
28.5727	23665	23677
28.5822	23677	23689
28.5869	23689	23701
28.6105	23701	23713
28.6294	23713	23725
28.6459	23725	23737
28.6506	23737	23749
28.6624	23749	23761
28.6695	23761	23773
28.6837	23773	23785
28.7025	23785	23797
28.7073	23797	23809
28.7143	23809	23821
28.7332	23821	23833
28.7427	23833	23845
28.7474	23845	23857
28.7639	23857	23869
28.7804	23869	23881
28.7851	23881	23893
28.804	23893	23905
28.8229	23905	23917
28.8418	23917	23929
28.8465	23929	23941
28.8512	23941	23953
28.863	23953	23964
28.889	23964	23975
28.9055	23975	23986
28.9244	23986	23997
28.9291	23997	24008
28.9338	24008	24019
28.9598	24019	24030
28.9669	24030	24041
28.9857	24041	24052
29.0023	24052	24063
29.007	24063	24074
29.0117	24074	24085
29.0329	24085	24096
29.0447	24096	24107
29.0565	24107	24118
29.0849	24118	23048
29.2242	23048	22780
29.2265	22780	22512
29.236	22512	22244
29.243	22244	21976
29.2454	21976	21708
29.2548	21708	21440
29.2572	21440	21172
29.2714	21172	20904
29.2784	20904	20636
29.2855	20636	20368
29.2879	20368	20100
29.295	20100	19832
29.3068	19832	19564
29.3138	19564	19296
29.3162	19296	19028
29.3186	19028	18760
29.3327	18760	18492
29.3374	18492	18224
29.3492	18224	17956
29.3516	17956	17688
29.354	17688	17420
29.3563	17420	17152
29.3704	17152	11256
29.3704	11256	11281
29.3846	11281	15008
29.4885	15008	14740
29.4979	14740	14472
29.505	14472	14204
29.5074	14204	13936
29.5144	13936	13668
29.5168	13668	13400
29.531	13400	13132
29.5451	13132	12864
29.5546	12864	12596
29.5711	12596	12328
29.5734	12328	12060
29.59	12060	11792
29.6018	11792	11524
29.6041	11524	11256
29.6253	11256	7236
29.6253	7236	7275
29.6395	7275	7314
29.6442	7314	7353
29.6631	7353	7392
29.6819	7392	7430
29.7008	7430	7468
29.7103	7468	7506
29.7362	7506	7544
29.7504	7544	7582
29.8023	7582	7619
29.8306	7619	7656
29.9061	7656	7693
29.9156	7693	7730
29.9203	7730	7767
29.951	7767	7803
29.9651	7803	7839
30.0171	7839	7875
30.0454	7875	7911
30.1233	7911	7947
30.1327	7947	7983
30.1374	7983	8018
30.1728	8018	8053
30.187	8053	8088
30.2398	8088	8123
30.2681	8123	8158
30.3436	8158	8193
30.353	8193	8228
30.3578	8228	8262
30.3908	8262	8296
30.4073	8296	8330
30.4592	8330	8364
30.4876	8364	8398
