1.01884	0	0.018
1.04156	0.018	0.018625
1.04628	0.018625	0.0197969
1.051	0.0197969	0.0213223
1.05572	0.0213223	0.023282
1.06044	0.023282	0.0256217
1.06516	0.0256217	0.028294
1.06988	0.028294	0.0282573
1.0746	0.0282573	0.0282251
1.07932	0.0282251	0.028322
1.08404	0.028322	0.0290317
1.08876	0.0290317	0.0295278
1.09348	0.0295278	0.0299618
1.0982	0.0299618	0.0309666
1.10292	0.0309666	0.0317207
1.10764	0.0317207	0.0325056
1.11236	0.0325056	0.0338174
1.11708	0.0338174	0.0349653
1.1218	0.0349653	0.0358446
1.12652	0.0358446	0.037239
1.13124	0.037239	0.0384591
1.13596	0.0384591	0.0395268
1.14068	0.0395268	0.0410859
1.1454	0.0410859	0.0424502
1.15012	0.0424502	0.0436439
1.15507	0.0436439	0.0453134
1.15979	0.0453134	0.0467742
1.16451	0.0467742	0.0480525
1.16923	0.0480525	0.0497959
1.17395	0.0497959	0.0511964
1.17867	0.0511964	0.0524219
1.18339	0.0524219	0.0541191
1.18811	0.0541191	0.0557292
1.19283	0.0557292	0.0570131
1.19755	0.0570131	0.0587614
1.20227	0.0587614	0.0602913
1.20699	0.0602913	0.0616299
1.21171	0.0616299	0.0634261
1.21643	0.0634261	0.0649979
1.22115	0.0649979	0.0663731
1.22609	0.0663731	0.0682015
1.23317	0.0682015	0.0700513
1.2493	0.0700513	0.0730449
1.26321	0.0730449	0.0774143
1.26793	0.0774143	0.0812375
1.27265	0.0812375	0.0845828
1.27737	0.0845828	0.088135
1.28209	0.088135	0.0912431
1.28681	0.0912431	0.0939627
1.29153	0.0939627	0.0969674
1.29625	0.0969674	0.0995964
1.30097	0.0995964	0.101772
1.30569	0.101772	0.1043
1.31041	0.1043	0.106513
1.31513	0.106513	0.108574
1.31985	0.108574	0.110252
1.3248	0.110252	0.111721
1.32952	0.111721	0.11313
1.33424	0.11313	0.114364
1.33896	0.114364	0.115319
1.34368	0.115319	0.116154
1.3484	0.116154	0.116885
1.35784	0.116885	0.117774
1.37672	0.117774	0.118927
1.3956	0.118927	0.120561
1.40032	0.120561	0.122116
1.40504	0.122116	0.123477
1.40976	0.123477	0.124542
1.41448	0.124542	0.125474
1.4192	0.125474	0.126415
1.42392	0.126415	0.127113
1.42864	0.127113	0.127724
1.43359	0.127724	0.128384
1.43831	0.128384	0.128961
1.44303	0.128961	0.129465
1.44775	0.129465	0.129782
1.45269	0.129782	0.130185
1.47118	0.130185	0.132286
1.48509	0.132286	0.135251
1.48981	0.135251	0.137719
1.49453	0.137719	0.140004
1.49925	0.140004	0.142004
1.50397	0.142004	0.143628
1.51577	0.143628	0.145425
1.54173	0.145425	0.147872
1.56769	0.147872	0.150888
1.57241	0.150888	0.153527
1.57713	0.153527	0.155836
1.58185	0.155836	0.157856
1.58657	0.157856	0.159624
1.59129	0.159624	0.161171
1.59601	0.161171	0.16265
1.60094	0.16265	0.163819
1.61944	0.163819	0.166591
1.63334	0.166591	0.170142
1.63806	0.170142	0.17325
1.64278	0.17325	0.175968
1.6475	0.175968	0.178347
1.6711	0.178347	0.181054
1.68998	0.181054	0.185672
1.6947	0.185672	0.188588
1.69942	0.188588	0.191265
1.70414	0.191265	0.193607
1.70886	0.193607	0.195531
1.72774	0.195531	0.199089
1.76078	0.199089	0.204828
1.79618	0.204828	0.2111
1.8009	0.2111	0.213837
1.80562	0.213837	0.216233
1.81034	0.216233	0.218329
1.81506	0.218329	0.220287
1.81978	0.220287	0.221877
1.8245	0.221877	0.223267
1.82922	0.223267	0.224484
1.85282	0.224484	0.227923
1.8717	0.227923	0.230933
1.87642	0.230933	0.232441
1.88114	0.232441	0.233761
1.88586	0.233761	0.234916
1.9189	0.234916	0.239426
1.94486	0.239426	0.243623
1.94958	0.243623	0.24567
1.9543	0.24567	0.247461
1.95902	0.247461	0.249029
1.96374	0.249029	0.250275
1.98262	0.250275	0.253241
2.01566	0.253241	0.257586
2.0487	0.257586	0.261387
2.05342	0.261387	0.260839
2.05814	0.260839	0.260484
2.06286	0.260484	0.260049
2.06758	0.260049	0.259668
2.0723	0.259668	0.259334
2.07702	0.259334	0.259167
2.0841	0.259167	0.259271
2.11242	0.259271	0.262237
2.1313	0.262237	0.264333
2.13602	0.264333	0.264416
2.1431	0.264416	0.264739
2.16906	0.264739	0.267647
2.18322	0.267647	0.271441
2.20446	0.271441	0.273261
2.20918	0.273261	0.272228
2.21626	0.272228	0.271575
2.2257	0.271575	0.271503
2.25166	0.271503	0.274065
2.25638	0.274065	0.276432
2.27054	0.276432	0.277878
2.28942	0.277878	0.277393
2.31066	0.277393	0.275469
2.32246	0.275469	0.27466
2.32718	0.27466	0.273953
2.33662	0.273953	0.273959
2.3555	0.273959	0.275714
2.37202	0.275714	0.27875
2.38854	0.27875	0.282781
2.39326	0.282781	0.286058
2.41686	0.286058	0.288301
2.78284	0.288301	0.296138
2.87488	0.296138	0.300621
4.20514	0.300621	0.300418
4.31194	0.300418	0.276116
4.42522	0.276116	0.255852
4.54558	0.255852	0.25312
4.5503	0.25312	0.237105
4.67302	0.237105	0.223467
4.67774	0.223467	0.212034
4.68246	0.212034	0.202029
4.80282	0.202029	0.192901
4.80754	0.192901	0.185538
4.81226	0.185538	0.179221
4.81698	0.179221	0.173568
4.94206	0.173568	0.184372
4.94678	0.184372	0.179326
4.9515	0.179326	0.17491
4.95622	0.17491	0.171671
4.96094	0.171671	0.168712
5.09074	0.168712	0.181873
5.09546	0.181873	0.178264
5.10018	0.178264	0.175231
5.1049	0.175231	0.172452
5.10962	0.172452	0.170021
5.2465	0.170021	0.184518
5.25122	0.184518	0.181578
5.25594	0.181578	0.178881
5.26066	0.178881	0.176521
5.26538	0.176521	0.174581
5.2701	0.174581	0.172883
5.40462	0.172883	0.171023
5.40934	0.171023	0.169395
5.41406	0.169395	0.168096
5.41878	0.168096	0.166834
5.4235	0.166834	0.165729
5.42822	0.165729	0.164763
5.5651	0.164763	0.164293
5.56982	0.164293	0.163756
5.57454	0.163756	0.163287
5.57926	0.163287	0.163001
5.58398	0.163001	0.162626
5.5887	0.162626	0.162298
5.73266	0.162298	0.18001
5.73738	0.18001	0.179009
5.7421	0.179009	0.178258
5.74682	0.178258	0.177476
5.75154	0.177476	0.176791
5.75626	0.176791	0.176317
5.90494	0.176317	0.193778
5.90966	0.193778	0.19168
5.91438	0.19168	0.189845
5.9191	0.189845	0.18824
5.92382	0.18824	0.186835
5.92854	0.186835	0.185605
6.07958	0.185605	0.20278
6.0843	0.20278	0.199932
6.08902	0.199932	0.197441
6.09374	0.197441	0.195136
6.09846	0.195136	0.193119
6.10318	0.193119	0.191479
6.1079	0.191479	0.189919
6.25658	0.189919	0.188304
6.2613	0.188304	0.186891
6.26602	0.186891	0.185655
6.27074	0.185655	0.184573
6.27546	0.184573	0.183626
6.28018	0.183626	0.182798
6.2849	0.182798	0.182073
6.44066	0.182073	0.182314
6.44538	0.182314	0.182525
6.4501	0.182525	0.182709
6.45482	0.182709	0.183371
6.45954	0.183371	0.184074
6.46426	0.184074	0.18469
6.46898	0.18469	0.185104
6.63182	0.185104	0.205341
6.63654	0.205341	0.204173
6.64126	0.204173	0.203152
6.64598	0.203152	0.202133
6.6507	0.202133	0.201366
6.65542	0.201366	0.200695
6.66014	0.200695	0.200108
6.82298	0.200108	0.219345
6.8277	0.219345	0.216427
6.83242	0.216427	0.213873
6.83714	0.213873	0.211639
6.84186	0.211639	0.209684
6.84658	0.209684	0.207974
6.8513	0.207974	0.206477
6.85602	0.206477	0.205167
7.02122	0.205167	0.204396
7.02594	0.204396	0.203597
7.03066	0.203597	0.202897
7.03538	0.202897	0.202285
7.0401	0.202285	0.201874
7.04482	0.201874	0.20139
7.04954	0.20139	0.200966
7.05426	0.200966	0.200596
7.22182	0.200596	0.200521
7.22654	0.200521	0.200581
7.23126	0.200581	0.200633
7.23598	0.200633	0.200554
7.2407	0.200554	0.200485
7.24542	0.200485	0.200549
7.25014	0.200549	0.201231
7.25486	0.201231	0.201702
7.42714	0.201702	0.223114
7.43186	0.223114	0.221475
7.43658	0.221475	0.22004
7.4413	0.22004	0.218785
7.44602	0.218785	0.217812
7.45074	0.217812	0.216836
7.45546	0.216836	0.215981
7.46018	0.215981	0.215234
7.63954	0.215234	0.236454
7.64426	0.236454	0.234023
7.64898	0.234023	0.231895
7.6537	0.231895	0.230033
7.65842	0.230033	0.228404
7.66314	0.228404	0.226978
7.66786	0.226978	0.225731
7.67258	0.225731	0.22464
7.6773	0.22464	0.223685
7.8543	0.223685	0.222599
7.85902	0.222599	0.221649
7.86374	0.221649	0.220818
7.86846	0.220818	0.220091
7.87318	0.220091	0.219454
7.8779	0.219454	0.218773
7.88262	0.218773	0.218301
7.88734	0.218301	0.217888
7.89206	0.217888	0.217527
8.07142	0.217527	0.217461
8.07614	0.217461	0.217404
8.08086	0.217404	0.217353
8.08558	0.217353	0.217309
8.0903	0.217309	0.21727
8.09502	0.21727	0.217362
8.09974	0.217362	0.217316
8.10446	0.217316	0.217277
8.10918	0.217277	0.217242
8.29562	0.217242	0.218087
8.30034	0.218087	0.219451
8.30506	0.219451	0.220645
8.30978	0.220645	0.221689
8.3145	0.221689	0.222603
8.31922	0.222603	0.223403
8.32394	0.223403	0.223977
8.32866	0.223977	0.224605
8.33338	0.224605	0.225154
8.5269	0.225154	0.249135
8.53162	0.249135	0.247493
8.53634	0.247493	0.246057
8.54106	0.246057	0.2448
8.54578	0.2448	0.2437
8.5505	0.2437	0.242737
8.55522	0.242737	0.241895
8.55994	0.241895	0.241158
8.56466	0.241158	0.240513
8.75582	0.240513	0.263199
8.76054	0.263199	0.259549
8.76526	0.259549	0.256356
8.76998	0.256356	0.253436
8.7747	0.253436	0.250882
8.77942	0.250882	0.248771
8.78414	0.248771	0.246925
8.78886	0.246925	0.245184
8.79358	0.245184	0.243786
8.7983	0.243786	0.242563
8.98946	0.242563	0.241493
8.99418	0.241493	0.240556
8.9989	0.240556	0.239612
9.00362	0.239612	0.23891
9.00834	0.23891	0.238296
9.01306	0.238296	0.237759
9.01778	0.237759	0.237164
9.0225	0.237164	0.236769
9.02722	0.236769	0.236423
9.03194	0.236423	0.235995
9.23018	0.235995	0.236621
9.2349	0.236621	0.237043
9.23962	0.237043	0.237538
9.24434	0.237538	0.23797
9.24906	0.23797	0.238349
9.25378	0.238349	0.23918
9.2585	0.23918	0.239908
9.26322	0.239908	0.240669
9.26794	0.240669	0.241211
9.27266	0.241211	0.241684
9.47502	0.241684	0.266974
9.48034	0.266974	0.264852
9.48506	0.264852	0.263121
9.48978	0.263121	0.261481
9.4945	0.261481	0.260045
9.49922	0.260045	0.25879
9.50394	0.25879	0.257691
9.50866	0.257691	0.25673
9.51338	0.25673	0.255888
9.5181	0.255888	0.255277
9.52282	0.255277	0.254618
9.7305	0.254618	0.254666
9.73522	0.254666	0.254707
9.73994	0.254707	0.254619
9.74466	0.254619	0.254667
9.74938	0.254667	0.254708
9.7541	0.254708	0.254745
9.75882	0.254745	0.254777
9.76354	0.254777	0.254805
9.76826	0.254805	0.254829
9.77298	0.254829	0.254725
9.7777	0.254725	0.25476
9.98302	0.25476	0.25454
9.98774	0.25454	0.254222
9.99246	0.254222	0.254069
9.99718	0.254069	0.253936
10.0019	0.253936	0.253694
10.0066	0.253694	0.253482
10.0113	0.253482	0.253422
10.0161	0.253422	0.253369
10.0208	0.253369	0.253198
10.0255	0.253198	0.253173
10.0302	0.253173	0.253152
10.2403	0.253152	0.253633
10.245	0.253633	0.254054
10.2497	0.254054	0.254422
10.2544	0.254422	0.254744
10.2591	0.254744	0.255151
10.2639	0.255151	0.255382
10.2686	0.255382	0.255584
10.2733	0.255584	0.255761
10.278	0.255761	0.256541
10.2827	0.256541	0.257224
10.2875	0.257224	0.257821
10.4898	0.257821	0.282968
10.5022	0.282968	0.280347
10.5117	0.280347	0.278679
10.5164	0.278679	0.277219
10.5211	0.277219	0.275941
10.5258	0.275941	0.274699
10.5305	0.274699	0.273736
10.5353	0.273736	0.272894
10.54	0.272894	0.272033
10.5447	0.272033	0.271279
10.5494	0.271279	0.270744
10.5801	0.270744	0.273526
10.7618	0.273526	0.273335
10.7713	0.273335	0.272793
10.7807	0.272793	0.272319
10.7878	0.272319	0.272154
10.7925	0.272154	0.27201
10.7972	0.27201	0.272009
10.8019	0.272009	0.271883
10.8067	0.271883	0.271772
10.8114	0.271772	0.271801
10.8397	0.271801	0.274701
10.8515	0.274701	0.278113
10.8657	0.278113	0.278974
11.0238	0.278974	0.276852
11.0474	0.276852	0.276746
11.0521	0.276746	0.276152
11.0592	0.276152	0.275633
11.0639	0.275633	0.275054
11.0686	0.275054	0.274547
11.0733	0.274547	0.274229
11.0946	0.274229	0.27595
11.1087	0.27595	0.278582
11.1253	0.278582	0.279509
11.1441	0.279509	0.281195
11.1607	0.281195	0.282921
11.2857	0.282921	0.280306
11.3093	0.280306	0.278018
11.3211	0.278018	0.27689
11.3259	0.27689	0.275529
11.3471	0.275529	0.276588
11.3683	0.276588	0.279514
11.3754	0.279514	0.282325
11.3872	0.282325	0.283659
11.4061	0.283659	0.285452
11.425	0.285452	0.287146
11.7294	0.287146	0.286627
11.7955	0.286627	0.292924
11.8191	0.292924	0.290308
11.8356	0.290308	0.28702
11.8545	0.28702	0.283642
11.8734	0.283642	0.281562
11.897	0.281562	0.279617
11.9253	0.279617	0.27654
11.9442	0.27654	0.273597
12.0693	0.273597	0.282148
12.0881	0.282148	0.276129
12.0929	0.276129	0.268988
12.1165	0.268988	0.262865
12.1471	0.262865	0.257756
12.166	0.257756	0.253287
12.2911	0.253287	0.249376
12.31	0.249376	0.245829
12.3147	0.245829	0.24285
12.3383	0.24285	0.240244
12.3666	0.240244	0.237589
12.3855	0.237589	0.235265
12.5153	0.235265	0.233857
12.5342	0.233857	0.23275
12.5389	0.23275	0.231656
12.5625	0.231656	0.230699
12.5908	0.230699	0.233362
12.6097	0.233362	0.234566
12.7442	0.234566	0.250121
12.7631	0.250121	0.249856
12.7678	0.249856	0.247749
12.7938	0.247749	0.248655
12.8221	0.248655	0.250073
12.841	0.250073	0.250064
12.9779	0.250064	0.264806
12.9991	0.264806	0.26358
13.0038	0.26358	0.260633
13.0274	0.260633	0.260554
13.0557	0.260554	0.260734
13.0746	0.260734	0.259643
13.0793	0.259643	0.257062
13.2186	0.257062	0.255055
13.2375	0.255055	0.252923
13.2422	0.252923	0.251182
13.2658	0.251182	0.249535
13.2965	0.249535	0.248468
13.3153	0.248468	0.247534
13.3201	0.247534	0.246717
13.4569	0.246717	0.245628
13.4758	0.245628	0.244674
13.4805	0.244674	0.24384
13.5065	0.24384	0.243485
13.5395	0.243485	0.243424
13.5584	0.243424	0.243371
13.5631	0.243371	0.243325
13.7	0.243325	0.260409
13.7213	0.260409	0.260983
13.726	0.260983	0.25961
13.7543	0.25961	0.261409
13.7873	0.261409	0.263858
13.8062	0.263858	0.264251
13.8109	0.264251	0.262719
13.9502	0.262719	0.278254
13.9738	0.278254	0.277598
13.9785	0.277598	0.275023
14.0068	0.275023	0.27577
14.0399	0.27577	0.276924
14.0587	0.276924	0.276183
14.0635	0.276183	0.273785
14.2027	0.273785	0.288562
14.2263	0.288562	0.286992
14.231	0.286992	0.283368
14.2357	0.283368	0.280072
14.2664	0.280072	0.277563
14.2995	0.277563	0.275368
14.3183	0.275368	0.273447
14.3231	0.273447	0.271766
14.4623	0.271766	0.270295
14.4859	0.270295	0.268883
14.4906	0.268883	0.267648
14.4953	0.267648	0.266692
14.5237	0.266692	0.26548
14.5567	0.26548	0.26442
14.5756	0.26442	0.263493
14.5803	0.263493	0.262681
14.7243	0.262681	0.262596
14.7479	0.262596	0.262522
14.7526	0.262522	0.262456
14.7644	0.262456	0.263274
14.7856	0.263274	0.266615
14.8163	0.266615	0.269913
14.8352	0.269913	0.271049
14.8399	0.271049	0.270168
14.9839	0.270168	0.286772
15.0075	0.286772	0.2863
15.0122	0.2863	0.283638
15.0263	0.283638	0.282433
15.0452	0.282433	0.282254
15.0759	0.282254	0.283222
15.0971	0.283222	0.282944
15.1137	0.282944	0.282326
15.2435	0.282326	0.297536
15.2671	0.297536	0.295844
15.2718	0.295844	0.291863
15.2859	0.291863	0.289505
15.3119	0.289505	0.288942
15.3355	0.288942	0.289074
15.3402	0.289074	0.286065
15.3591	0.286065	0.283057
15.378	0.283057	0.280675
15.5054	0.280675	0.27834
15.529	0.27834	0.276298
15.5408	0.276298	0.275386
15.5479	0.275386	0.273712
15.5739	0.273712	0.272248
15.5975	0.272248	0.270967
15.6093	0.270967	0.270721
15.6211	0.270721	0.269631
15.6399	0.269631	0.268677
15.7674	0.268677	0.267843
15.791	0.267843	0.266987
15.8146	0.266987	0.267864
15.8264	0.267864	0.269256
15.85	0.269256	0.270099
15.8665	0.270099	0.269962
15.8901	0.269962	0.271341
15.9161	0.271341	0.275799
15.9208	0.275799	0.278699
16.0152	0.278699	0.290862
16.0388	0.290862	0.288379
16.0529	0.288379	0.285081
16.0671	0.285081	0.281071
16.0883	0.281071	0.278687
16.1025	0.278687	0.275476
16.1214	0.275476	0.272917
16.1473	0.272917	0.270927
16.1521	0.270927	0.266561
16.2465	0.266561	0.273991
16.2724	0.273991	0.271867
16.2866	0.271867	0.268884
16.3007	0.268884	0.266273
16.3243	0.266273	0.265114
16.3385	0.265114	0.263225
16.3574	0.263225	0.262197
16.381	0.262197	0.261797
16.3857	0.261797	0.258823
16.3904	0.258823	0.25622
16.4872	0.25622	0.254317
16.5108	0.254317	0.252278
16.5249	0.252278	0.250493
16.5391	0.250493	0.249056
16.5627	0.249056	0.247674
16.5769	0.247674	0.246465
16.5957	0.246465	0.245407
16.6193	0.245407	0.244606
16.6241	0.244606	0.243905
16.6288	0.243905	0.243167
16.7255	0.243167	0.242521
16.7491	0.242521	0.242081
16.7633	0.242081	0.241696
16.7775	0.241696	0.241234
16.8034	0.241234	0.241205
16.8176	0.241205	0.241179
16.8365	0.241179	0.241157
16.8601	0.241157	0.241137
16.8648	0.241137	0.240995
16.8695	0.240995	0.240996
16.9686	0.240996	0.241246
16.9922	0.241246	0.244465
17.0064	0.244465	0.246032
17.0229	0.246032	0.247653
17.0512	0.247653	0.250947
17.0654	0.250947	0.252328
17.0843	0.252328	0.254162
17.1079	0.254162	0.256267
17.1126	0.256267	0.255734
17.1173	0.255734	0.255392
17.2188	0.255392	0.267093
17.2424	0.267093	0.267956
17.2565	0.267956	0.267462
17.2754	0.267462	0.267654
17.3037	0.267654	0.269322
17.3203	0.269322	0.269282
17.3391	0.269282	0.269872
17.3627	0.269872	0.270888
17.3675	0.270888	0.269527
17.3722	0.269527	0.268336
17.4713	0.268336	0.279044
17.4949	0.279044	0.278663
17.5091	0.278663	0.277206
17.5138	0.277206	0.27468
17.535	0.27468	0.272845
17.5633	0.272845	0.271239
17.5775	0.271239	0.269459
17.5964	0.269459	0.267902
17.62	0.267902	0.266539
17.6247	0.266539	0.265347
17.6294	0.265347	0.264303
17.7285	0.264303	0.263391
17.7545	0.263391	0.262967
17.7687	0.262967	0.262471
17.7734	0.262471	0.262162
17.7923	0.262162	0.261517
17.8206	0.261517	0.260952
17.8347	0.260952	0.260458
17.8536	0.260458	0.260026
17.8796	0.260026	0.260023
17.8843	0.260023	0.26002
17.889	0.26002	0.260017
17.9881	0.260017	0.260015
18.0165	0.260015	0.260263
18.0306	0.260263	0.26048
18.0424	0.26048	0.261545
18.0613	0.261545	0.262477
18.0825	0.262477	0.265918
18.0967	0.265918	0.267178
18.125	0.267178	0.270156
18.1392	0.270156	0.272136
18.151	0.272136	0.271994
18.1699	0.271994	0.27362
18.2477	0.27362	0.284167
18.2761	0.284167	0.284646
18.2902	0.284646	0.283316
18.3091	0.283316	0.282776
18.328	0.282776	0.283054
18.3469	0.283054	0.283297
18.3563	0.283297	0.282135
18.387	0.282135	0.283118
18.4011	0.283118	0.282229
18.4129	0.282229	0.281075
18.4318	0.281075	0.281066
18.5073	0.281066	0.288182
18.5357	0.288182	0.28816
18.5498	0.28816	0.286265
18.5687	0.286265	0.285232
18.5876	0.285232	0.284328
18.6065	0.284328	0.283662
18.6277	0.283662	0.283329
18.6419	0.283329	0.283538
18.6489	0.283538	0.280846
18.6796	0.280846	0.28049
18.6891	0.28049	0.280054
18.7079	0.280054	0.279547
18.7693	0.279547	0.277354
18.7976	0.277354	0.275434
18.8236	0.275434	0.275255
18.8307	0.275255	0.273598
18.8519	0.273598	0.272398
18.8684	0.272398	0.271099
18.892	0.271099	0.270336
18.9038	0.270336	0.269294
18.9274	0.269294	0.270507
18.9416	0.270507	0.269444
18.9723	0.269444	0.271139
18.977	0.271139	0.270871
19.0289	0.270871	0.269387
19.0478	0.269387	0.266964
19.069	0.266964	0.264343
19.0737	0.264343	0.261675
19.0879	0.261675	0.258466
19.1021	0.258466	0.255408
19.1233	0.255408	0.252357
19.1351	0.252357	0.249812
19.1611	0.249812	0.247836
19.1752	0.247836	0.247856
19.2035	0.247856	0.249624
19.2083	0.249624	0.247921
19.2531	0.247921	0.251556
19.2696	0.251556	0.250237
19.2909	0.250237	0.249332
19.2956	0.249332	0.246415
19.3097	0.246415	0.245114
19.3239	0.245114	0.243974
19.3381	0.243974	0.242978
19.3428	0.242978	0.23998
19.3687	0.23998	0.239108
19.3829	0.239108	0.236844
19.4136	0.236844	0.236989
19.4183	0.236989	0.23424
19.4655	0.23424	0.237085
19.4797	0.237085	0.2357
19.5033	0.2357	0.235487
19.508	0.235487	0.233176
19.5221	0.233176	0.232404
19.5363	0.232404	0.231729
19.5505	0.231729	0.231138
19.5552	0.231138	0.22937
19.5788	0.22937	0.230199
19.5929	0.230199	0.229424
19.6213	0.229424	0.230621
19.626	0.230621	0.228294
19.6307	0.228294	0.226257
19.6826	0.226257	0.2251
19.6968	0.2251	0.224087
19.7204	0.224087	0.223201
19.7251	0.223201	0.222551
19.7393	0.222551	0.221857
19.7534	0.221857	0.22125
19.7676	0.22125	0.220719
19.7723	0.220719	0.220254
19.7959	0.220254	0.219847
19.8101	0.219847	0.219616
19.8384	0.219616	0.219289
19.8431	0.219289	0.219128
19.8478	0.219128	0.218862
19.9021	0.218862	0.219004
19.9163	0.219004	0.219129
19.9399	0.219129	0.219113
19.9446	0.219113	0.219099
19.9587	0.219099	0.219086
19.9729	0.219086	0.219076
19.9871	0.219076	0.219191
19.9918	0.219191	0.219167
20.0154	0.219167	0.219271
20.0295	0.219271	0.219237
20.0579	0.219237	0.219208
20.0626	0.219208	0.219182
20.0673	0.219182	0.219284
20.1263	0.219284	0.226749
20.1428	0.226749	0.228405
20.1664	0.228405	0.231104
20.1711	0.231104	0.231216
20.1853	0.231216	0.232439
20.1995	0.232439	0.233509
20.2136	0.233509	0.234446
20.2183	0.234446	0.234015
20.2419	0.234015	0.236013
20.2561	0.236013	0.236636
20.2844	0.236636	0.238932
20.2891	0.238932	0.238065
20.2939	0.238065	0.237182
20.3529	0.237182	0.243159
20.3717	0.243159	0.24339
20.3953	0.24339	0.244591
20.4001	0.244591	0.243267
20.4142	0.243267	0.243234
20.4284	0.243234	0.243204
20.4425	0.243204	0.243179
20.4473	0.243179	0.242031
20.4709	0.242031	0.243278
20.485	0.243278	0.243368
20.5133	0.243368	0.245072
20.5181	0.245072	0.243688
20.5228	0.243688	0.242352
20.5794	0.242352	0.247808
20.5983	0.247808	0.247582
20.603	0.247582	0.245634
20.6313	0.245634	0.24443
20.6361	0.24443	0.243376
20.6502	0.243376	0.242454
20.6644	0.242454	0.241647
20.6785	0.241647	0.240941
20.6833	0.240941	0.240324
20.7069	0.240324	0.239783
20.721	0.239783	0.23931
20.7493	0.23931	0.238897
20.7541	0.238897	0.238535
20.7588	0.238535	0.238218
20.8178	0.238218	0.23819
20.8367	0.23819	0.238167
20.8414	0.238167	0.238146
20.8697	0.238146	0.238128
20.8744	0.238128	0.238112
20.8886	0.238112	0.238098
20.9027	0.238098	0.238085
20.9169	0.238085	0.238075
20.9216	0.238075	0.238065
20.9452	0.238065	0.238182
20.9594	0.238182	0.238159
20.9877	0.238159	0.23814
20.9924	0.23814	0.238122
20.9971	0.238122	0.238232
21.0585	0.238232	0.238578
21.0774	0.238578	0.238881
21.0821	0.238881	0.239146
21.1104	0.239146	0.239377
21.1151	0.239377	0.23958
21.1293	0.23958	0.241508
21.1458	0.241508	0.243444
21.16	0.243444	0.245139
21.1647	0.245139	0.245496
21.1907	0.245496	0.248434
21.2048	0.248434	0.249755
21.2331	0.249755	0.252786
21.2379	0.252786	0.252437
21.2426	0.252437	0.252133
21.3039	0.252133	0.258866
21.3228	0.258866	0.259508
21.3275	0.259508	0.258319
21.3582	0.258319	0.260529
21.3629	0.260529	0.259463
21.3771	0.259463	0.25978
21.396	0.25978	0.260558
21.4101	0.260558	0.261113
21.4149	0.261113	0.260349
21.4385	0.260349	0.262055
21.4526	0.262055	0.262048
21.4809	0.262048	0.263792
21.4857	0.263792	0.262318
21.4904	0.262318	0.261154
21.5517	0.261154	0.267134
21.5706	0.267134	0.267118
21.5753	0.267118	0.265353
21.6037	0.265353	0.266684
21.6084	0.266684	0.264598
21.6225	0.264598	0.264023
21.6414	0.264023	0.264021
21.6461	0.264021	0.262393
21.6627	0.262393	0.261094
21.6674	0.261094	0.260082
21.691	0.260082	0.259072
21.7051	0.259072	0.258313
21.7335	0.258313	0.257649
21.7382	0.257649	0.257068
21.7429	0.257068	0.256434
21.8066	0.256434	0.256255
21.8255	0.256255	0.256098
21.8302	0.256098	0.255961
21.8585	0.255961	0.255841
21.8633	0.255841	0.255736
21.8774	0.255736	0.255644
21.8987	0.255644	0.255813
21.9034	0.255813	0.255962
21.9175	0.255962	0.255841
21.9223	0.255841	0.255736
21.9459	0.255736	0.255644
21.96	0.255644	0.255564
21.9883	0.255564	0.255493
21.9931	0.255493	0.255432
21.9978	0.255432	0.255378
22.0639	0.255378	0.25558
22.0827	0.25558	0.255758
22.0875	0.255758	0.255913
22.1158	0.255913	0.256049
22.1205	0.256049	0.256168
22.1347	0.256168	0.256272
22.1583	0.256272	0.256738
22.163	0.256738	0.257021
22.1771	0.257021	0.257393
22.1819	0.257393	0.257594
22.2055	0.257594	0.26077
22.2196	0.26077	0.262423
22.2479	0.262423	0.265496
22.2527	0.265496	0.265309
22.2597	0.265309	0.265395
22.3235	0.265395	0.272971
22.3423	0.272971	0.273724
22.3471	0.273724	0.272634
22.3754	0.272634	0.274555
22.3801	0.274555	0.27336
22.3943	0.27336	0.27344
22.4179	0.27344	0.274635
22.4226	0.274635	0.273306
22.4391	0.273306	0.273768
22.4485	0.273768	0.273422
22.4769	0.273422	0.276119
22.4816	0.276119	0.276104
22.5099	0.276104	0.277841
22.5146	0.277841	0.276486
22.5193	0.276486	0.2753
22.5831	0.2753	0.281388
22.6019	0.281388	0.280964
22.6067	0.280964	0.278844
22.635	0.278844	0.279863
22.6397	0.279863	0.27788
22.6562	0.27788	0.277645
22.6775	0.277645	0.278315
22.6822	0.278315	0.27665
22.6987	0.27665	0.276569
22.7081	0.276569	0.275623
22.7365	0.275623	0.27717
22.7412	0.27717	0.275649
22.7601	0.275649	0.276068
22.7719	0.276068	0.274309
22.7813	0.274309	0.273396
22.7907	0.273396	0.273096
22.845	0.273096	0.271709
22.8639	0.271709	0.270495
22.8804	0.270495	0.270934
22.8969	0.270934	0.269817
22.9135	0.269817	0.27034
22.9182	0.27034	0.269297
22.9394	0.269297	0.268385
22.9512	0.268385	0.268462
22.9607	0.268462	0.267654
22.989	0.267654	0.269197
22.9984	0.269197	0.268298
23.0102	0.268298	0.268386
23.022	0.268386	0.267587
23.0503	0.267587	0.269014
23.0598	0.269014	0.270137
23.0739	0.270137	0.271745
23.107	0.271745	0.270402
23.1259	0.270402	0.269352
23.1613	0.269352	0.270808
23.166	0.270808	0.270582
23.1849	0.270582	0.270634
23.199	0.270634	0.27193
23.2179	0.27193	0.272689
23.2391	0.272689	0.274602
23.2486	0.274602	0.276277
23.2675	0.276277	0.276618
23.2887	0.276618	0.27829
23.3076	0.27829	0.280629
23.3241	0.280629	0.2833
23.3335	0.2833	0.283263
23.3548	0.283263	0.285855
23.3807	0.285855	0.290248
23.402	0.290248	0.294967
23.4067	0.294967	0.295596
23.4303	0.295596	0.296772
23.4468	0.296772	0.2953
23.4657	0.2953	0.295888
23.4822	0.295888	0.296152
23.4869	0.296152	0.295008
23.5035	0.295008	0.293882
23.5247	0.293882	0.292772
23.5412	0.292772	0.2928
23.5507	0.2928	0.291575
23.5695	0.291575	0.290253
23.5884	0.290253	0.289097
23.6097	0.289097	0.288584
23.6285	0.288584	0.289386
23.6403	0.289386	0.288963
23.6639	0.288963	0.288218
23.6852	0.288218	0.287691
23.7088	0.287691	0.289479
23.7277	0.289479	0.290419
23.7324	0.290419	0.289867
23.7489	0.289867	0.289009
23.7701	0.289009	0.288882
23.7867	0.288882	0.290272
23.7914	0.290272	0.289988
23.8126	0.289988	0.28974
23.8291	0.28974	0.289522
23.8527	0.289522	0.291082
23.8716	0.291082	0.292447
23.8763	0.292447	0.291891
23.8999	0.291891	0.291654
23.9212	0.291654	0.291823
23.9448	0.291823	0.293345
23.9684	0.293345	0.294802
23.9731	0.294802	0.293952
23.9873	0.293952	0.292083
23.9991	0.292083	0.289572
24.0132	0.289572	0.288501
24.0179	0.288501	0.286063
24.0345	0.286063	0.283305
24.0463	0.283305	0.280392
24.051	0.280392	0.277718
24.0651	0.277718	0.274628
24.0746	0.274628	0.270925
24.0935	0.270925	0.267184
24.1076	0.267184	0.263286
24.1123	0.263286	0.259875
24.1241	0.259875	0.255516
24.1359	0.255516	0.250326
24.1548	0.250326	0.245286
24.1713	0.245286	0.24
24.1761	0.24	0.235375
24.1879	0.235375	0.230953
24.1997	0.230953	0.227084
24.2185	0.227084	0.224323
24.2233	0.224323	0.222033
24.2398	0.222033	0.219904
24.2516	0.219904	0.218041
24.2563	0.218041	0.216536
24.2728	0.216536	0.215344
24.2799	0.215344	0.214051
24.2988	0.214051	0.212919
24.3153	0.212919	0.212305
24.32	0.212305	0.211766
24.3318	0.211766	0.211171
24.3436	0.211171	0.210774
24.3601	0.210774	0.210178
24.3743	0.210178	0.20928
24.379	0.20928	0.208495
24.3885	0.208495	0.207558
24.4003	0.207558	0.208239
24.4144	0.208239	0.209084
24.4191	0.209084	0.208073
24.4357	0.208073	0.208564
24.4451	0.208564	0.208244
24.4498	0.208244	0.206963
24.4687	0.206963	0.207593
24.4734	0.207593	0.206769
24.4876	0.206769	0.206923
24.5017	0.206923	0.206432
24.5065	0.206432	0.204503
24.5159	0.204503	0.203315
24.5301	0.203315	0.202776
24.5442	0.202776	0.202554
24.5584	0.202554	0.201985
24.5631	0.201985	0.200362
24.5725	0.200362	0.199441
24.5867	0.199441	0.199261
24.6009	0.199261	0.199354
24.6056	0.199354	0.198309
24.6197	0.198309	0.198521
24.6292	0.198521	0.197956
24.6339	0.197956	0.196711
24.6551	0.196711	0.197872
24.6599	0.197872	0.197013
24.674	0.197013	0.197512
24.6882	0.197512	0.197948
24.6929	0.197948	0.197079
24.7023	0.197079	0.196944
24.7165	0.196944	0.197451
24.7307	0.197451	0.19777
24.7448	0.19777	0.198049
24.7495	0.198049	0.197168
24.759	0.197168	0.196897
24.7755	0.196897	0.19766
24.7897	0.19766	0.198327
24.7944	0.198327	0.197786
24.7991	0.197786	0.197313
24.8133	0.197313	0.196899
24.8227	0.196899	0.196411
24.8274	0.196411	0.19611
24.851	0.19611	0.196096
24.8557	0.196096	0.196084
24.8699	0.196084	0.195949
24.8864	0.195949	0.196205
24.8911	0.196205	0.196554
24.9006	0.196554	0.196735
24.9147	0.196735	0.196893
24.9289	0.196893	0.197032
24.9431	0.197032	0.197278
24.9478	0.197278	0.197368
24.9572	0.197368	0.197572
24.9714	0.197572	0.197375
24.9855	0.197375	0.197204
24.9903	0.197204	0.197053
24.995	0.197053	0.196796
25.0091	0.196796	0.196697
25.0186	0.196697	0.19661
25.0233	0.19661	0.196534
25.0469	0.196534	0.196342
25.0516	0.196342	0.196299
25.0681	0.196299	0.196637
25.087	0.196637	0.197182
25.0917	0.197182	0.197534
25.1012	0.197534	0.197968
25.1153	0.197968	0.198347
25.1295	0.198347	0.198678
25.1437	0.198678	0.198844
25.1484	0.198844	0.199113
25.1578	0.199113	0.199224
25.172	0.199224	0.199321
25.1861	0.199321	0.199531
25.1909	0.199531	0.199589
25.1956	0.199589	0.199766
25.2097	0.199766	0.199795
25.2192	0.199795	0.201071
25.2239	0.201071	0.201562
25.2475	0.201562	0.204367
25.2522	0.204367	0.204571
25.2664	0.204571	0.205874
25.2853	0.205874	0.207265
25.29	0.207265	0.206607
25.3018	0.206607	0.207031
25.3183	0.207031	0.208277
25.3325	0.208277	0.209368
25.3466	0.209368	0.210322
25.3513	0.210322	0.210031
25.3608	0.210031	0.210277
25.3749	0.210277	0.211118
25.3891	0.211118	0.211978
25.3938	0.211978	0.211356
25.3985	0.211356	0.210936
25.4127	0.210936	0.211694
25.4221	0.211694	0.211858
25.4269	0.211858	0.21125
25.4505	0.21125	0.213219
25.4552	0.213219	0.212567
25.4693	0.212567	0.213121
25.4906	0.213121	0.214481
25.4953	0.214481	0.213921
25.5047	0.213921	0.214056
25.5236	0.214056	0.215049
25.5378	0.215049	0.215543
25.5519	0.215543	0.215975
25.5567	0.215975	0.215228
25.5661	0.215228	0.215199
25.5803	0.215199	0.215799
25.5944	0.215799	0.216325
25.5991	0.216325	0.215534
25.6039	0.215534	0.214842
25.618	0.214842	0.215487
25.6275	0.215487	0.215426
25.6322	0.215426	0.214748
25.6558	0.214748	0.216529
25.6605	0.216529	0.215713
25.6652	0.215713	0.214999
25.6794	0.214999	0.214374
25.703	0.214374	0.214077
25.7077	0.214077	0.213818
25.7171	0.213818	0.213715
25.7384	0.213715	0.213876
25.7549	0.213876	0.214267
25.7691	0.214267	0.214733
25.7738	0.214733	0.215017
25.7832	0.215017	0.215265
25.7974	0.215265	0.215481
25.8115	0.215481	0.215671
25.8163	0.215671	0.215837
25.821	0.215837	0.215983
25.8351	0.215983	0.21611
25.8446	0.21611	0.216221
25.8493	0.216221	0.216318
25.8729	0.216318	0.216404
25.8776	0.216404	0.216478
25.8823	0.216478	0.216543
25.8965	0.216543	0.216601
25.9201	0.216601	0.216775
25.9248	0.216775	0.216804
25.9343	0.216804	0.216828
25.9531	0.216828	0.2166
25.972	0.2166	0.216775
25.9862	0.216775	0.216803
25.9909	0.216803	0.216827
26.0027	0.216827	0.217099
26.0169	0.217099	0.217337
26.031	0.217337	0.21767
26.0357	0.21767	0.217836
26.0405	0.217836	0.218106
26.0546	0.218106	0.218218
26.0641	0.218218	0.218441
26.0688	0.218441	0.218511
26.0924	0.218511	0.218697
26.0971	0.218697	0.21886
26.1018	0.21886	0.218877
26.116	0.218877	0.218893
26.1396	0.218893	0.221906
26.1443	0.221906	0.222168
26.1537	0.222168	0.223022
26.1726	0.223022	0.224894
26.1939	0.224894	0.226782
26.208	0.226782	0.227935
26.2127	0.227935	0.227693
26.2222	0.227693	0.228231
26.2387	0.228231	0.229202
26.2529	0.229202	0.230052
26.2576	0.230052	0.229545
26.2623	0.229545	0.229227
26.2765	0.229227	0.230074
26.2859	0.230074	0.23019
26.2906	0.23019	0.229666
26.3142	0.229666	0.231708
26.3189	0.231708	0.230994
26.3237	0.230994	0.23037
26.3378	0.23037	0.231074
26.3614	0.231074	0.232939
26.3661	0.232939	0.232197
26.3756	0.232197	0.232047
26.3945	0.232047	0.233166
26.4133	0.233166	0.234146
26.4275	0.234146	0.234127
26.4322	0.234127	0.232862
26.4417	0.232862	0.232379
26.4605	0.232379	0.233081
26.4771	0.233081	0.233821
26.4818	0.233821	0.233219
26.4865	0.233219	0.232691
26.5007	0.232691	0.233355
26.5101	0.233355	0.233436
26.5148	0.233436	0.232881
26.5384	0.232881	0.234771
26.5431	0.234771	0.23405
26.5479	0.23405	0.233418
26.562	0.233418	0.234116
26.5856	0.234116	0.235852
26.5903	0.235852	0.234995
26.5998	0.234995	0.234746
26.6045	0.234746	0.234028
26.6234	0.234028	0.233399
26.6423	0.233399	0.232849
26.6564	0.232849	0.232368
26.6611	0.232368	0.231947
26.6706	0.231947	0.231579
26.6918	0.231579	0.231506
26.7107	0.231506	0.231693
26.7154	0.231693	0.231981
26.7201	0.231981	0.232234
26.7367	0.232234	0.232705
26.7461	0.232705	0.233116
26.7508	0.233116	0.233477
26.7744	0.233477	0.233792
26.7791	0.233792	0.234068
26.7839	0.234068	0.23431
26.798	0.23431	0.234521
26.8216	0.234521	0.234706
26.8263	0.234706	0.234868
26.8358	0.234868	0.235009
26.8405	0.235009	0.235133
26.8594	0.235133	0.235241
26.8783	0.235241	0.235336
26.8924	0.235336	0.235419
26.8971	0.235419	0.235492
26.9066	0.235492	0.235555
26.9255	0.235555	0.235361
26.9467	0.235361	0.235441
26.9514	0.235441	0.235511
26.9561	0.235511	0.235572
26.975	0.235572	0.236
26.9845	0.236	0.23625
26.9892	0.23625	0.236594
27.0128	0.236594	0.23677
27.0175	0.23677	0.236924
27.0222	0.236924	0.237183
27.0364	0.237183	0.237285
27.06	0.237285	0.237375
27.0647	0.237375	0.237453
27.0741	0.237453	0.237646
27.0789	0.237646	0.23769
27.0977	0.23769	0.237729
27.1166	0.237729	0.237763
27.1308	0.237763	0.239543
27.1355	0.239543	0.239975
27.1449	0.239975	0.240853
27.1638	0.240853	0.242871
27.1827	0.242871	0.244637
27.1874	0.244637	0.244183
27.1921	0.244183	0.243785
27.2134	0.243785	0.245437
27.2228	0.245437	0.245632
27.2275	0.245632	0.245303
27.2511	0.245303	0.24739
27.2559	0.24739	0.246841
27.2606	0.246841	0.246361
27.2747	0.246361	0.247066
27.2983	0.247066	0.248933
27.3031	0.248933	0.248316
27.3125	0.248316	0.248277
27.3172	0.248277	0.247617
27.3385	0.247617	0.249165
27.3573	0.249165	0.250519
27.3715	0.250519	0.251079
27.3762	0.251079	0.250445
27.3857	0.250445	0.250389
27.4045	0.250389	0.25159
27.4234	0.25159	0.252642
27.4281	0.252642	0.251811
27.4329	0.251811	0.25096
27.4517	0.25096	0.251965
27.4612	0.251965	0.251469
27.4659	0.251469	0.250411
27.4919	0.250411	0.252109
27.4966	0.252109	0.251221
27.5013	0.251221	0.250568
27.5155	0.250568	0.251122
27.5391	0.251122	0.252857
27.5438	0.252857	0.251875
27.5532	0.251875	0.25164
27.5579	0.25164	0.25081
27.5815	0.25081	0.252459
27.6004	0.252459	0.253652
27.6146	0.253652	0.25407
27.6193	0.25407	0.253311
27.6287	0.253311	0.253147
27.6335	0.253147	0.252504
27.6523	0.252504	0.251941
27.6712	0.251941	0.251448
27.6759	0.251448	0.250892
27.6807	0.250892	0.250531
27.6995	0.250531	0.250214
27.709	0.250214	0.249813
27.7137	0.249813	0.249586
27.742	0.249586	0.249763
27.7467	0.249763	0.249792
27.7515	0.249792	0.249818
27.768	0.249818	0.250091
27.7916	0.250091	0.25033
27.7963	0.25033	0.250663
27.8057	0.250663	0.250831
27.8105	0.250831	0.251102
27.8364	0.251102	0.251589
27.8553	0.251589	0.252015
27.8695	0.252015	0.252388
27.8742	0.252388	0.252715
27.8836	0.252715	0.253001
27.8883	0.253001	0.25325
27.9072	0.25325	0.253469
27.9261	0.253469	0.253661
27.9308	0.253661	0.253828
27.9355	0.253828	0.253974
27.9544	0.253974	0.254103
27.9639	0.254103	0.254215
27.9686	0.254215	0.254313
27.9993	0.254313	0.254649
28.004	0.254649	0.254943
28.0087	0.254943	0.2552
28.0276	0.2552	0.2558
28.0512	0.2558	0.256325
28.0559	0.256325	0.256659
28.0653	0.256659	0.257077
28.0701	0.257077	0.257442
28.0937	0.257442	0.257387
28.1125	0.257387	0.257339
28.1267	0.257339	0.257296
28.1314	0.257296	0.257259
28.1409	0.257259	0.257227
28.1456	0.257227	0.257198
28.1645	0.257198	0.257174
28.1833	0.257174	0.257152
28.1881	0.257152	0.257258
28.1928	0.257258	0.257851
28.2117	0.257851	0.260119
28.2211	0.260119	0.260979
28.2258	0.260979	0.261107
28.2541	0.261107	0.264219
28.2589	0.264219	0.263566
28.2636	0.263566	0.263121
28.2825	0.263121	0.26448
28.3084	0.26448	0.266545
28.3131	0.266545	0.265977
28.3226	0.265977	0.266105
28.3273	0.266105	0.265592
28.3509	0.265592	0.267393
28.3698	0.267393	0.268469
28.3863	0.268469	0.26916
28.391	0.26916	0.26864
28.4005	0.26864	0.268685
28.4052	0.268685	0.268225
28.4241	0.268225	0.269571
28.4429	0.269571	0.270625
28.4477	0.270625	0.269797
28.4524	0.269797	0.269072
28.4713	0.269072	0.270313
28.4807	0.270313	0.270149
28.4854	0.270149	0.26938
28.5137	0.26938	0.271708
28.5185	0.271708	0.270744
28.5232	0.270744	0.270026
28.5421	0.270026	0.271148
28.568	0.271148	0.273005
28.5727	0.273005	0.271879
28.5822	0.271879	0.271519
28.5869	0.271519	0.270579
28.6105	0.270579	0.272132
28.6294	0.272132	0.27299
28.6459	0.27299	0.273367
28.6506	0.273367	0.272196
28.6624	0.272196	0.272046
28.6695	0.272046	0.271665
28.6837	0.271665	0.272457
28.7025	0.272457	0.27315
28.7073	0.27315	0.272131
28.7143	0.272131	0.27149
28.7332	0.27149	0.272679
28.7427	0.272679	0.272469
28.7474	0.272469	0.271785
28.7639	0.271785	0.272562
28.7804	0.272562	0.271867
28.7851	0.271867	0.271258
28.804	0.271258	0.272476
28.8229	0.272476	0.273417
28.8418	0.273417	0.273365
28.8465	0.273365	0.273444
28.8512	0.273444	0.272888
28.863	0.272888	0.273402
28.889	0.273402	0.273977
28.9055	0.273977	0.27423
28.9244	0.27423	0.274826
28.9291	0.274826	0.275348
28.9338	0.275348	0.274804
28.9598	0.274804	0.276704
28.9669	0.276704	0.277491
28.9857	0.277491	0.27818
29.0023	0.27818	0.280282
29.007	0.280282	0.281747
29.0117	0.281747	0.281278
29.0329	0.281278	0.282369
29.0447	0.282369	0.284198
29.0565	0.284198	0.285298
29.3704	0.285298	0.285386
29.6253	0.285386	0.279837
29.6395	0.279837	0.275233
29.6442	0.275233	0.270954
29.6631	0.270954	0.267459
29.6819	0.267459	0.265527
29.7008	0.265527	0.264461
29.7103	0.264461	0.262404
29.7362	0.262404	0.260853
29.7504	0.260853	0.258621
29.8023	0.258621	0.258419
29.8306	0.258419	0.256241
29.9061	0.256241	0.252336
29.9156	0.252336	0.247669
29.9203	0.247669	0.242961
29.951	0.242961	0.23934
29.9651	0.23934	0.236298
30.0171	0.236298	0.233636
30.0454	0.233636	0.231306
30.1233	0.231306	0.229518
30.1327	0.229518	0.227953
30.1374	0.227953	0.226584
30.1728	0.226584	0.226011
30.187	0.226011	0.225385
30.2398	0.225385	0.224962
30.2681	0.224962	0.224716
30.3436	0.224716	0.224127
30.353	0.224127	0.223736
30.3578	0.223736	0.223269
30.3908	0.223269	0.22261
30.4073	0.22261	0.224159
30.4592	0.224159	0.230264
30.4876	0.230264	0.232481
