1.01884	0	0.018
1.04156	0.018	0.018625
1.04628	0.018625	0.0197969
1.051	0.0197969	0.0213223
1.05572	0.0213223	0.023282
1.06044	0.023282	0.0256217
1.06516	0.0256217	0.028294
1.06988	0.028294	0.0282573
1.0746	0.0282573	0.0282251
1.07932	0.0282251	0.028322
1.08404	0.028322	0.0290317
1.08876	0.0290317	0.0295278
1.09348	0.0295278	0.0299618
1.0982	0.0299618	0.0309666
1.10292	0.0309666	0.0317207
1.10764	0.0317207	0.0325056
1.11236	0.0325056	0.0338174
1.11708	0.0338174	0.0349653
1.1218	0.0349653	0.0358446
1.12652	0.0358446	0.037239
1.13124	0.037239	0.0384591
1.13596	0.0384591	0.0395268
1.14068	0.0395268	0.0410859
1.1454	0.0410859	0.0424502
1.15012	0.0424502	0.0436439
1.15507	0.0436439	0.0453134
1.15979	0.0453134	0.0467742
1.16451	0.0467742	0.0480525
1.16923	0.0480525	0.0497959
1.17395	0.0497959	0.0511964
1.17867	0.0511964	0.0524219
1.18339	0.0524219	0.0541191
1.18811	0.0541191	0.0557292
1.19283	0.0557292	0.0570131
1.19755	0.0570131	0.0587614
1.20227	0.0587614	0.0602913
1.20699	0.0602913	0.0616299
1.21171	0.0616299	0.0634261
1.21643	0.0634261	0.0649979
1.22115	0.0649979	0.0663731
1.22609	0.0663731	0.0682015
1.23317	0.0682015	0.0700513
1.2493	0.0700513	0.0730449
1.26321	0.0730449	0.0774143
1.26793	0.0774143	0.0812375
1.27265	0.0812375	0.0845828
1.27737	0.0845828	0.088135
1.28209	0.088135	0.0912431
1.28681	0.0912431	0.0939627
1.29153	0.0939627	0.0969674
1.29625	0.0969674	0.0995964
1.30097	0.0995964	0.101772
1.30569	0.101772	0.1043
1.31041	0.1043	0.106513
1.31513	0.106513	0.108574
1.31985	0.108574	0.110877
1.3248	0.110877	0.112892
1.32952	0.112892	0.114656
1.33424	0.114656	0.116824
1.33896	0.116824	0.118721
1.34368	0.118721	0.120381
1.3484	0.120381	0.122458
1.35312	0.122458	0.124276
1.35784	0.124276	0.125741
1.36256	0.125741	0.127649
1.36728	0.127649	0.129318
1.37672	0.129318	0.131028
1.3956	0.131028	0.134899
1.40032	0.134899	0.136912
1.4192	0.136912	0.139298
1.42392	0.139298	0.141886
1.42864	0.141886	0.144275
1.43336	0.144275	0.146366
1.43808	0.146366	0.14882
1.4428	0.14882	0.150842
1.44752	0.150842	0.152612
1.45224	0.152612	0.154786
1.45696	0.154786	0.156687
1.46168	0.156687	0.158351
1.4664	0.158351	0.160433
1.47112	0.160433	0.162253
1.47607	0.162253	0.163972
1.48079	0.163972	0.165975
1.48551	0.165975	0.167728
1.49023	0.167728	0.169262
1.49495	0.169262	0.171105
1.49967	0.171105	0.172716
1.50461	0.172716	0.174252
1.51392	0.174252	0.17672
1.52323	0.17672	0.179505
1.53713	0.179505	0.183067
1.54645	0.183067	0.187309
1.55117	0.187309	0.19102
1.55589	0.19102	0.194268
1.56061	0.194268	0.197734
1.56533	0.197734	0.200767
1.57005	0.200767	0.203422
1.57477	0.203422	0.206244
1.57949	0.206244	0.208713
1.58421	0.208713	0.210999
1.58893	0.210999	0.213499
1.59365	0.213499	0.215687
1.59837	0.215687	0.217601
1.61017	0.217601	0.220776
1.61489	0.220776	0.222929
1.64085	0.222929	0.225688
1.64557	0.225688	0.228727
1.65029	0.228727	0.231386
1.67625	0.231386	0.234588
1.68097	0.234588	0.237889
1.68569	0.237889	0.240903
1.69041	0.240903	0.24354
1.69513	0.24354	0.246473
1.69985	0.246473	0.248914
1.70457	0.248914	0.251049
1.70929	0.251049	0.253543
1.71401	0.253543	0.25585
1.71873	0.25585	0.257744
1.72345	0.257744	0.260026
1.74216	0.260026	0.263773
1.74688	0.263773	0.267051
1.75619	0.267051	0.27117
1.77022	0.27117	0.275899
1.7773	0.275899	0.280286
1.78202	0.280286	0.28475
2.50436	0.28475	0.337157
2.67428	0.337157	0.391262
2.738	0.391262	0.439604
3.82673	0.439604	0.397529
3.92113	0.397529	0.360588
3.92585	0.360588	0.328389
3.93057	0.328389	0.300341
4.02969	0.300341	0.276298
4.03441	0.276298	0.255886
4.03913	0.255886	0.23815
4.04385	0.23815	0.222506
4.15005	0.222506	0.222193
4.15477	0.222193	0.210044
4.15949	0.210044	0.199413
4.16421	0.199413	0.190737
4.16893	0.190737	0.18302
4.17365	0.18302	0.176392
4.28693	0.176392	0.184718
4.29165	0.184718	0.179253
4.29637	0.179253	0.174597
4.30109	0.174597	0.171147
4.30581	0.171147	0.168004
4.31053	0.168004	0.165253
4.31525	0.165253	0.163472
4.31997	0.163472	0.161913
4.32469	0.161913	0.160549
4.43561	0.160549	0.17323
4.44033	0.17323	0.170826
4.44505	0.170826	0.168723
4.44977	0.168723	0.167383
4.45449	0.167383	0.16621
4.45921	0.16621	0.165184
4.46393	0.165184	0.164786
4.46865	0.164786	0.164562
4.47337	0.164562	0.164367
4.47809	0.164367	0.164821
4.48281	0.164821	0.165094
4.48753	0.165094	0.165457
4.49225	0.165457	0.1664
4.49697	0.1664	0.1671
4.61025	0.1671	0.168087
4.61497	0.168087	0.169451
4.61969	0.169451	0.170645
4.62441	0.170645	0.171689
4.62913	0.171689	0.172728
4.63385	0.172728	0.173512
4.63857	0.173512	0.174198
4.64329	0.174198	0.174923
4.64801	0.174923	0.175558
4.65273	0.175558	0.175988
4.65745	0.175988	0.176365
4.66217	0.176365	0.176819
4.66689	0.176819	0.177092
4.67161	0.177092	0.17733
4.79197	0.17733	0.192039
4.79669	0.192039	0.191284
4.80141	0.191284	0.190749
4.80613	0.190749	0.19028
4.81085	0.19028	0.189745
4.81557	0.189745	0.189277
4.82029	0.189277	0.188992
4.82501	0.188992	0.188743
4.82973	0.188743	0.1884
4.83445	0.1884	0.1881
4.83917	0.1881	0.187963
4.84389	0.187963	0.187717
4.84861	0.187717	0.187503
4.85333	0.187503	0.18744
4.98077	0.18744	0.202635
4.98549	0.202635	0.201556
4.99021	0.201556	0.200611
4.99493	0.200611	0.19966
4.99965	0.19966	0.198827
5.00437	0.198827	0.198224
5.00909	0.198224	0.197696
5.01381	0.197696	0.197109
5.01853	0.197109	0.196595
5.02325	0.196595	0.196271
5.02797	0.196271	0.195862
5.03269	0.195862	0.195504
5.03741	0.195504	0.195316
5.04213	0.195316	0.195152
5.04685	0.195152	0.194883
5.17193	0.194883	0.194397
5.17665	0.194397	0.193973
5.18137	0.193973	0.193601
5.18609	0.193601	0.193401
5.19081	0.193401	0.193101
5.19553	0.193101	0.192838
5.20025	0.192838	0.192608
5.20497	0.192608	0.192407
5.20969	0.192407	0.192231
5.21441	0.192231	0.192078
5.21913	0.192078	0.192068
5.22385	0.192068	0.191934
5.22857	0.191934	0.191818
5.23329	0.191818	0.191715
5.23801	0.191715	0.191751
5.36073	0.191751	0.191407
5.36545	0.191407	0.191106
5.37017	0.191106	0.190843
5.37489	0.190843	0.190488
5.37961	0.190488	0.190302
5.38433	0.190302	0.190764
5.38905	0.190764	0.191168
5.39377	0.191168	0.191397
5.39849	0.191397	0.191723
5.40321	0.191723	0.192007
5.40793	0.192007	0.192131
5.41265	0.192131	0.19224
5.41737	0.19224	0.19246
5.42209	0.19246	0.192653
5.42681	0.192653	0.192696
5.55425	0.192696	0.208109
5.55897	0.208109	0.206845
5.56369	0.206845	0.20574
5.56841	0.20574	0.204772
5.57313	0.204772	0.204051
5.57785	0.204051	0.203294
5.58257	0.203294	0.202633
5.58729	0.202633	0.202053
5.59201	0.202053	0.201672
5.59673	0.201672	0.201213
5.60145	0.201213	0.200811
5.60617	0.200811	0.200585
5.61089	0.200585	0.200262
5.61561	0.200262	0.199979
5.62033	0.199979	0.199732
5.75485	0.199732	0.215765
5.75957	0.215765	0.21442
5.76429	0.21442	0.213367
5.76901	0.213367	0.212446
5.77373	0.212446	0.211515
5.77845	0.211515	0.210701
5.78317	0.210701	0.210113
5.78789	0.210113	0.209474
5.79261	0.209474	0.208915
5.79733	0.208915	0.208426
5.80205	0.208426	0.208122
5.80677	0.208122	0.207732
5.81149	0.207732	0.207391
5.81621	0.207391	0.207217
5.82093	0.207217	0.20694
5.82565	0.20694	0.206697
5.96725	0.206697	0.207485
5.97197	0.207485	0.208049
5.97669	0.208049	0.208543
5.98141	0.208543	0.208975
5.98613	0.208975	0.209478
5.99085	0.209478	0.209794
5.99557	0.209794	0.210069
6.00029	0.210069	0.210436
6.00501	0.210436	0.210756
6.00973	0.210756	0.210912
6.01445	0.210912	0.211048
6.01917	0.211048	0.211292
6.02389	0.211292	0.21138
6.02861	0.21138	0.211458
6.03333	0.211458	0.211651
6.03805	0.211651	0.211819
6.17729	0.211819	0.211592
6.18201	0.211592	0.211518
6.18673	0.211518	0.211328
6.19145	0.211328	0.211162
6.19617	0.211162	0.211017
6.20089	0.211017	0.21089
6.20561	0.21089	0.210779
6.21033	0.210779	0.210681
6.21505	0.210681	0.210596
6.21977	0.210596	0.210522
6.22449	0.210522	0.211081
6.22921	0.211081	0.211571
6.23393	0.211571	0.211875
6.23865	0.211875	0.212265
6.24337	0.212265	0.212607
6.24809	0.212607	0.212906
6.38969	0.212906	0.230168
6.39441	0.230168	0.228522
6.39913	0.228522	0.227082
6.40385	0.227082	0.225822
6.40857	0.225822	0.224719
6.41329	0.224719	0.223754
6.41801	0.223754	0.223035
6.42273	0.223035	0.22228
6.42745	0.22228	0.22162
6.43217	0.22162	0.221043
6.43689	0.221043	0.220537
6.44161	0.220537	0.220095
6.44633	0.220095	0.219708
6.45105	0.219708	0.219495
6.45577	0.219495	0.219183
6.46049	0.219183	0.21891
6.60917	0.21891	0.236671
6.61389	0.236671	0.235087
6.61861	0.235087	0.233701
6.62333	0.233701	0.232489
6.62805	0.232489	0.231553
6.63277	0.231553	0.230609
6.63749	0.230609	0.229783
6.64221	0.229783	0.22906
6.64693	0.22906	0.228427
6.65165	0.228427	0.227874
6.65637	0.227874	0.22739
6.66109	0.22739	0.227091
6.66581	0.227091	0.226705
6.67053	0.226705	0.226366
6.67525	0.226366	0.226071
6.67997	0.226071	0.225812
6.68469	0.225812	0.225585
6.84045	0.225585	0.226262
6.84517	0.226262	0.226979
6.84989	0.226979	0.227482
6.85461	0.227482	0.227922
6.85933	0.227922	0.228307
6.86405	0.228307	0.228768
6.86877	0.228768	0.229047
6.87349	0.229047	0.229291
6.87821	0.229291	0.22963
6.88293	0.22963	0.229801
6.88765	0.229801	0.229951
6.89237	0.229951	0.230082
6.89709	0.230082	0.230322
6.90181	0.230322	0.230407
6.90653	0.230407	0.230481
6.91125	0.230481	0.230671
6.91597	0.230671	0.230712
7.06937	0.230712	0.230498
7.07409	0.230498	0.230311
7.07881	0.230311	0.230147
7.08353	0.230147	0.230003
7.08825	0.230003	0.229878
7.09297	0.229878	0.229643
7.09769	0.229643	0.229563
7.10241	0.229563	0.229493
7.10713	0.229493	0.229431
7.11185	0.229431	0.229377
7.11657	0.229377	0.22933
7.12129	0.22933	0.229289
7.12601	0.229289	0.229253
7.13073	0.229253	0.229221
7.13545	0.229221	0.229193
7.14017	0.229193	0.229794
7.14489	0.229794	0.230195
7.30065	0.230195	0.249546
7.30537	0.249546	0.247852
7.31009	0.247852	0.246371
7.31481	0.246371	0.245074
7.31953	0.245074	0.24394
7.32425	0.24394	0.242948
7.32897	0.242948	0.242079
7.33369	0.242079	0.241319
7.33841	0.241319	0.240654
7.34313	0.240654	0.240073
7.34785	0.240073	0.239564
7.35257	0.239564	0.239118
7.35729	0.239118	0.238728
7.36201	0.238728	0.238387
7.36673	0.238387	0.238089
7.37145	0.238089	0.237828
7.37617	0.237828	0.237599
7.53901	0.237599	0.257274
7.54373	0.257274	0.25549
7.54845	0.25549	0.253929
7.55317	0.253929	0.252563
7.55789	0.252563	0.251367
7.56261	0.251367	0.250321
7.56733	0.250321	0.249406
7.57205	0.249406	0.24873
7.57677	0.24873	0.248014
7.58149	0.248014	0.247387
7.58621	0.247387	0.246839
7.59093	0.246839	0.246359
7.59565	0.246359	0.245939
7.60037	0.245939	0.245572
7.60509	0.245572	0.24525
7.60981	0.24525	0.244969
7.61453	0.244969	0.244723
7.78445	0.244723	0.265133
7.78917	0.265133	0.263241
7.79389	0.263241	0.261586
7.79861	0.261586	0.260138
7.80333	0.260138	0.25887
7.80805	0.25887	0.257887
7.81277	0.257887	0.256901
7.81749	0.256901	0.256038
7.82221	0.256038	0.255283
7.82693	0.255283	0.254623
7.83165	0.254623	0.254045
7.83637	0.254045	0.253539
7.84109	0.253539	0.253222
7.84581	0.253222	0.252819
7.85053	0.252819	0.252467
7.85525	0.252467	0.252159
7.85997	0.252159	0.251889
7.86469	0.251889	0.251653
8.03225	0.251653	0.251196
8.03697	0.251196	0.250672
8.04169	0.250672	0.250338
8.04641	0.250338	0.250045
8.05113	0.250045	0.24979
8.05585	0.24979	0.249441
8.06057	0.249441	0.249261
8.06529	0.249261	0.249103
8.07001	0.249103	0.248965
8.07473	0.248965	0.248845
8.07945	0.248845	0.248739
8.08417	0.248739	0.248647
8.08889	0.248647	0.248441
8.09361	0.248441	0.248386
8.09833	0.248386	0.248338
8.10305	0.248338	0.248295
8.10777	0.248295	0.248258
8.11249	0.248258	0.248226
8.27769	0.248226	0.247823
8.28241	0.247823	0.247595
8.28713	0.247595	0.247396
8.29185	0.247396	0.247096
8.29657	0.247096	0.247459
8.30129	0.247459	0.247777
8.30601	0.247777	0.24818
8.31073	0.24818	0.248407
8.31545	0.248407	0.248606
8.32017	0.248606	0.248781
8.32489	0.248781	0.248933
8.32961	0.248933	0.249066
8.33433	0.249066	0.249183
8.33905	0.249183	0.24941
8.34377	0.24941	0.249484
8.34849	0.249484	0.249548
8.35321	0.249548	0.249605
8.35793	0.249605	0.249654
8.52785	0.249654	0.270322
8.53257	0.270322	0.268407
8.53729	0.268407	0.266731
8.54201	0.266731	0.265265
8.54673	0.265265	0.263982
8.55145	0.263982	0.262859
8.55617	0.262859	0.261877
8.56089	0.261877	0.260892
8.56561	0.260892	0.260156
8.57033	0.260156	0.259511
8.57505	0.259511	0.258947
8.57977	0.258947	0.258454
8.58449	0.258454	0.258022
8.58921	0.258022	0.257644
8.59393	0.257644	0.257189
8.59865	0.257189	0.256915
8.60337	0.256915	0.256676
8.60809	0.256676	0.256466
8.78509	0.256466	0.277908
8.78981	0.277908	0.27592
8.79453	0.27592	0.27418
8.79925	0.27418	0.272657
8.80397	0.272657	0.2712
8.80869	0.2712	0.27005
8.81341	0.27005	0.269044
8.81813	0.269044	0.268163
8.82285	0.268163	0.267393
8.82757	0.267393	0.266719
8.83229	0.266719	0.266129
8.83701	0.266129	0.265613
8.84173	0.265613	0.265161
8.84645	0.265161	0.264766
8.85117	0.264766	0.26442
8.85589	0.26442	0.264118
8.86061	0.264118	0.263853
8.86533	0.263853	0.263621
8.87005	0.263621	0.263419
9.04941	0.263419	0.263491
9.05649	0.263491	0.26393
9.06121	0.26393	0.264314
9.06829	0.264314	0.2649
9.07301	0.2649	0.265537
9.07773	0.265537	0.26597
9.08245	0.26597	0.266349
9.08717	0.266349	0.26668
9.09189	0.26668	0.26697
9.09661	0.26697	0.267224
9.10133	0.267224	0.267446
9.10605	0.267446	0.26764
9.11077	0.26764	0.26781
9.11549	0.26781	0.267959
9.12021	0.267959	0.268089
9.12493	0.268089	0.268203
9.12965	0.268203	0.268303
9.14145	0.268303	0.269265
9.15325	0.269265	0.270982
9.31137	0.270982	0.269859
9.32553	0.269859	0.269752
9.33025	0.269752	0.269658
9.33497	0.269658	0.2692
9.33969	0.2692	0.2688
9.34441	0.2688	0.268575
9.34913	0.268575	0.268378
9.35385	0.268378	0.268081
9.35857	0.268081	0.267946
9.36329	0.267946	0.267828
9.36801	0.267828	0.268349
9.37273	0.268349	0.268681
9.37745	0.268681	0.268971
9.38217	0.268971	0.269349
9.38689	0.269349	0.269556
9.39161	0.269556	0.269736
9.40341	0.269736	0.270894
9.42229	0.270894	0.273657
9.44353	0.273657	0.2772
9.57097	0.2772	0.294675
9.58513	0.294675	0.292091
9.58985	0.292091	0.288579
9.59457	0.288579	0.285507
9.60637	0.285507	0.283819
9.61345	0.283819	0.282591
9.61817	0.282591	0.281517
9.62289	0.281517	0.280453
9.62761	0.280453	0.279646
9.63233	0.279646	0.27894
9.63705	0.27894	0.278323
9.64177	0.278323	0.277657
9.64649	0.277657	0.2772
9.65121	0.2772	0.2768
9.66537	0.2768	0.277575
9.68189	0.277575	0.279753
9.70077	0.279753	0.283409
9.71971	0.283409	0.287483
10.0147	0.287483	0.286673
10.2412	0.286673	0.282964
10.2695	0.282964	0.280968
10.3781	0.280968	0.281597
10.3946	0.281597	0.277897
10.4135	0.277897	0.27466
10.4229	0.27466	0.271203
10.4324	0.271203	0.267677
10.4465	0.267677	0.263968
10.4513	0.263968	0.260847
10.4749	0.260847	0.259741
10.4985	0.259741	0.259398
10.5834	0.259398	0.266224
10.5999	0.266224	0.260571
10.6188	0.260571	0.255999
10.6235	0.255999	0.250249
10.6283	0.250249	0.244718
10.6401	0.244718	0.240128
10.6448	0.240128	0.234862
10.6684	0.234862	0.23263
10.6943	0.23263	0.231051
10.7817	0.231051	0.237545
10.8005	0.237545	0.234976
10.8194	0.234976	0.233104
10.8241	0.233104	0.229716
10.8289	0.229716	0.226627
10.843	0.226627	0.225173
10.8477	0.225173	0.222902
10.8713	0.222902	0.223414
10.8949	0.223414	0.223737
10.8997	0.223737	0.221395
10.9893	0.221395	0.219721
11.0082	0.219721	0.218256
11.0295	0.218256	0.217224
11.0342	0.217224	0.216321
11.0389	0.216321	0.215531
11.0531	0.215531	0.214839
11.0578	0.214839	0.214234
11.0814	0.214234	0.213705
11.105	0.213705	0.213242
11.1097	0.213242	0.212837
11.2041	0.212837	0.213107
11.223	0.213107	0.213219
11.2419	0.213219	0.213066
11.2466	0.213066	0.212933
11.2513	0.212933	0.212941
11.2655	0.212941	0.212824
11.2702	0.212824	0.212846
11.2938	0.212846	0.21274
11.3174	0.21274	0.212773
11.3221	0.212773	0.212801
11.4165	0.212801	0.212701
11.4354	0.212701	0.214988
11.4543	0.214988	0.217115
11.459	0.217115	0.2171
11.4637	0.2171	0.217088
11.4802	0.217088	0.218577
11.4849	0.218577	0.21863
11.5085	0.21863	0.221051
11.5321	0.221051	0.223295
11.5369	0.223295	0.222758
11.6336	0.222758	0.233788
11.6525	0.233788	0.234065
11.6737	0.234065	0.234557
11.6785	0.234557	0.233237
11.6832	0.233237	0.232207
11.7021	0.232207	0.233056
11.7068	0.233056	0.232174
11.7304	0.232174	0.233903
11.754	0.233903	0.23529
11.7587	0.23529	0.234129
11.8531	0.234129	0.244487
11.872	0.244487	0.243677
11.8956	0.243677	0.243592
11.9003	0.243592	0.241518
11.905	0.241518	0.239703
11.9097	0.239703	0.23799
11.9286	0.23799	0.236492
11.9333	0.236492	0.235305
11.9593	0.235305	0.234517
11.9829	0.234517	0.233827
11.9876	0.233827	0.233224
12.082	0.233224	0.232696
12.1009	0.232696	0.232234
12.1245	0.232234	0.23183
12.1292	0.23183	0.231476
12.1339	0.231476	0.231041
12.1387	0.231041	0.230786
12.1599	0.230786	0.230813
12.1646	0.230813	0.230836
12.1882	0.230836	0.230607
12.2142	0.230607	0.230781
12.2189	0.230781	0.230808
12.3133	0.230808	0.230832
12.3322	0.230832	0.230978
12.3558	0.230978	0.230981
12.3605	0.230981	0.230983
12.3652	0.230983	0.23111
12.3699	0.23111	0.231722
12.3935	0.231722	0.234631
12.3983	0.234631	0.235178
12.4219	0.235178	0.237905
12.4455	0.237905	0.240292
12.4502	0.240292	0.239756
12.5469	0.239756	0.250786
12.5658	0.250786	0.250938
12.5894	0.250938	0.251696
12.5941	0.251696	0.250109
12.5989	0.250109	0.248595
12.6036	0.248595	0.247271
12.6272	0.247271	0.248612
12.6319	0.248612	0.247285
12.6579	0.247285	0.24875
12.6815	0.24875	0.250156
12.6862	0.250156	0.249012
12.7877	0.249012	0.26001
12.8065	0.26001	0.260009
12.8301	0.260009	0.260633
12.8349	0.260633	0.258679
12.8396	0.258679	0.256969
12.8443	0.256969	0.255598
12.8679	0.255598	0.256648
12.8726	0.256648	0.255192
12.8773	0.255192	0.254043
12.9009	0.254043	0.252663
12.9245	0.252663	0.251455
12.9293	0.251455	0.250398
13.0355	0.250398	0.250098
13.0543	0.250098	0.249836
13.0779	0.249836	0.249481
13.0827	0.249481	0.249296
13.0874	0.249296	0.249134
13.0921	0.249134	0.248992
13.1157	0.248992	0.248868
13.1204	0.248868	0.24876
13.1251	0.24876	0.248665
13.1487	0.248665	0.248582
13.1747	0.248582	0.248759
13.1794	0.248759	0.248914
13.2856	0.248914	0.24905
13.3045	0.24905	0.249169
13.3281	0.249169	0.249398
13.3328	0.249398	0.249473
13.3375	0.249473	0.249539
13.3423	0.249539	0.249596
13.3659	0.249596	0.249647
13.3706	0.249647	0.249691
13.3753	0.249691	0.24973
13.3989	0.24973	0.252638
13.4272	0.252638	0.255934
13.4319	0.255934	0.256067
13.5381	0.256067	0.268934
13.557	0.268934	0.269317
13.5806	0.269317	0.270152
13.5853	0.270152	0.268508
13.5901	0.268508	0.267195
13.5948	0.267195	0.26592
13.6184	0.26592	0.26718
13.6231	0.26718	0.266033
13.6278	0.266033	0.264904
13.6514	0.264904	0.266291
13.6797	0.266291	0.268129
13.6845	0.268129	0.266738
13.7977	0.266738	0.279146
13.8166	0.279146	0.279003
13.8402	0.279003	0.279502
13.8449	0.279502	0.277565
13.8497	0.277565	0.275869
13.8544	0.275869	0.274385
13.878	0.274385	0.275462
13.8827	0.275462	0.274029
13.8874	0.274029	0.272776
13.911	0.272776	0.274179
13.9393	0.274179	0.275906
13.9441	0.275906	0.274543
13.9559	0.274543	0.2741
14.0597	0.2741	0.272588
14.0786	0.272588	0.271264
14.1022	0.271264	0.270106
14.1069	0.270106	0.269093
14.1116	0.269093	0.268206
14.1211	0.268206	0.268056
14.1399	0.268056	0.267299
14.1494	0.267299	0.267261
14.173	0.267261	0.269479
14.1871	0.269479	0.270294
14.2013	0.270294	0.269257
14.2155	0.269257	0.269475
14.2202	0.269475	0.268916
14.3217	0.268916	0.268051
14.3405	0.268051	0.267295
14.3641	0.267295	0.266633
14.3783	0.266633	0.267304
14.383	0.267304	0.267891
14.4019	0.267891	0.269404
14.4137	0.269404	0.269979
14.4349	0.269979	0.271857
14.4585	0.271857	0.273624
14.4633	0.273624	0.273921
14.4798	0.273921	0.274431
14.501	0.274431	0.275877
14.5152	0.275877	0.278268
14.5813	0.278268	0.288609
14.6001	0.288609	0.287408
14.6237	0.287408	0.286857
14.6379	0.286857	0.285125
14.6426	0.285125	0.282484
14.6615	0.282484	0.281924
14.6733	0.281924	0.280683
14.6969	0.280683	0.280973
14.7181	0.280973	0.281351
14.7229	0.281351	0.279182
14.7394	0.279182	0.278785
14.7606	0.278785	0.279061
14.7748	0.279061	0.278304
14.8409	0.278304	0.284141
14.8597	0.284141	0.283373
14.8833	0.283373	0.283327
14.8975	0.283327	0.282161
14.9022	0.282161	0.280016
14.9211	0.280016	0.279889
14.9376	0.279889	0.279403
14.9636	0.279403	0.280727
14.9777	0.280727	0.280761
14.9825	0.280761	0.278666
14.999	0.278666	0.278333
15.0226	0.278333	0.278916
15.0415	0.278916	0.279177
15.1005	0.279177	0.28503
15.1193	0.28503	0.284276
15.1429	0.284276	0.284116
15.1477	0.284116	0.281602
15.1642	0.281602	0.279777
15.1854	0.279777	0.28018
15.209	0.28018	0.281157
15.2137	0.281157	0.280512
15.2373	0.280512	0.279698
15.2586	0.279698	0.279861
15.2751	0.279861	0.281503
15.2987	0.281503	0.283816
15.3034	0.283816	0.283464
15.327	0.283464	0.283781
15.3624	0.283781	0.281058
15.3813	0.281058	0.278676
15.4049	0.278676	0.276591
15.4167	0.276591	0.275642
15.4261	0.275642	0.273937
15.4474	0.273937	0.272445
15.471	0.272445	0.271014
15.4804	0.271014	0.270513
15.4946	0.270513	0.268823
15.5087	0.268823	0.266471
15.5276	0.266471	0.264662
15.5536	0.264662	0.263454
15.5583	0.263454	0.262397
15.5772	0.262397	0.260848
15.6102	0.260848	0.259242
15.6267	0.259242	0.257461
15.648	0.257461	0.255654
15.6598	0.255654	0.254072
15.6692	0.254072	0.252688
15.6881	0.252688	0.253852
15.7093	0.253852	0.254871
15.7188	0.254871	0.254012
15.7329	0.254012	0.25376
15.7471	0.25376	0.253665
15.7613	0.253665	0.253582
15.7801	0.253582	0.253509
15.7849	0.253509	0.250696
15.8061	0.250696	0.250359
15.8391	0.250359	0.251814
15.8533	0.251814	0.250712
15.8769	0.250712	0.250623
15.8863	0.250623	0.24917
15.8958	0.24917	0.247524
15.9147	0.247524	0.247208
15.9383	0.247208	0.247557
15.9501	0.247557	0.246738
15.9642	0.246738	0.246645
15.9784	0.246645	0.246565
15.9925	0.246565	0.246369
16.0114	0.246369	0.246823
16.0161	0.246823	0.24547
16.0397	0.24547	0.246661
16.0751	0.246661	0.249454
16.0893	0.249454	0.249522
16.1129	0.249522	0.250707
16.1223	0.250707	0.250118
16.1318	0.250118	0.249479
16.1507	0.249479	0.250169
16.1743	0.250169	0.251398
16.179	0.251398	0.249973
16.1884	0.249973	0.248476
16.2026	0.248476	0.247167
16.2167	0.247167	0.246021
16.2309	0.246021	0.245018
16.2498	0.245018	0.244141
16.2545	0.244141	0.243373
16.2781	0.243373	0.242827
16.3135	0.242827	0.242223
16.3277	0.242223	0.241695
16.3513	0.241695	0.241359
16.3607	0.241359	0.240939
16.3701	0.240939	0.240696
16.389	0.240696	0.240484
16.4126	0.240484	0.240174
16.4173	0.240174	0.240027
16.4268	0.240027	0.239774
16.4409	0.239774	0.239552
16.4575	0.239552	0.239733
16.4716	0.239733	0.239891
16.4905	0.239891	0.24003
16.4952	0.24003	0.240151
16.5188	0.240151	0.240132
16.5519	0.240132	0.239866
16.566	0.239866	0.239758
16.5896	0.239758	0.239538
16.5991	0.239538	0.239471
16.6085	0.239471	0.239287
16.6274	0.239287	0.239126
16.6533	0.239126	0.23936
16.6581	0.23936	0.239565
16.6675	0.239565	0.239745
16.6817	0.239745	0.239901
16.7005	0.239901	0.242414
16.7147	0.242414	0.244237
16.7336	0.244237	0.246457
16.7383	0.246457	0.24665
16.7619	0.24665	0.249069
16.7949	0.249069	0.252435
16.8091	0.252435	0.253131
16.8351	0.253131	0.255115
16.8445	0.255115	0.2551
16.8539	0.2551	0.254963
16.8728	0.254963	0.256092
16.9011	0.256092	0.258331
16.9059	0.258331	0.257539
16.9153	0.257539	0.257472
16.9295	0.257472	0.258038
16.9483	0.258038	0.259158
16.9625	0.259158	0.259513
16.9837	0.259513	0.260699
16.9885	0.260699	0.259987
17.0121	0.259987	0.261739
17.0451	0.261739	0.264521
17.0593	0.264521	0.264581
17.0876	0.264581	0.266258
17.097	0.266258	0.265726
17.1065	0.265726	0.26526
17.1253	0.26526	0.266103
17.156	0.266103	0.26834
17.1607	0.26834	0.267172
17.1702	0.267172	0.266901
17.1843	0.266901	0.267163
17.2032	0.267163	0.268018
17.2174	0.268018	0.268141
17.2221	0.268141	0.267123
17.241	0.267123	0.265858
17.2457	0.265858	0.26475
17.2693	0.26475	0.263782
17.3023	0.263782	0.262934
17.3165	0.262934	0.262192
17.3448	0.262192	0.261543
17.3566	0.261543	0.261225
17.3661	0.261225	0.261072
17.3849	0.261072	0.260813
17.4133	0.260813	0.260336
17.418	0.260336	0.259919
17.4274	0.259919	0.259554
17.4416	0.259554	0.259235
17.4605	0.259235	0.258956
17.4746	0.258956	0.258711
17.4793	0.258711	0.258497
17.4982	0.258497	0.258435
17.5029	0.258435	0.258256
17.5289	0.258256	0.258349
17.5619	0.258349	0.25843
17.5761	0.25843	0.258626
17.6044	0.258626	0.258798
17.6139	0.258798	0.258573
17.6233	0.258573	0.258377
17.6422	0.258377	0.25833
17.6705	0.25833	0.258163
17.6752	0.258163	0.258143
17.6847	0.258143	0.258
17.6988	0.258	0.257875
17.7177	0.257875	0.257766
17.7319	0.257766	0.25767
17.7366	0.25767	0.257586
17.7555	0.257586	0.257513
17.7602	0.257513	0.257574
17.7885	0.257574	0.261127
17.8215	0.261127	0.265111
17.8357	0.265111	0.266222
17.864	0.266222	0.268945
17.8735	0.268945	0.268951
17.8829	0.268951	0.268958
17.9018	0.268958	0.270088
17.9301	0.270088	0.272327
17.9348	0.272327	0.271286
17.9513	0.271286	0.271875
17.9655	0.271875	0.273016
17.9773	0.273016	0.273764
17.9915	0.273764	0.273793
17.9962	0.273793	0.272694
18.0151	0.272694	0.273482
18.0198	0.273482	0.272297
18.0481	0.272297	0.27426
18.0811	0.27426	0.276602
18.0953	0.276602	0.276277
18.1236	0.276277	0.277743
18.1331	0.277743	0.27665
18.1425	0.27665	0.275693
18.1614	0.275693	0.276107
18.1897	0.276107	0.277593
18.1944	0.277593	0.275894
18.2109	0.275894	0.275907
18.2251	0.275907	0.275669
18.2369	0.275669	0.275085
18.2511	0.275085	0.27495
18.2652	0.27495	0.274831
18.2817	0.274831	0.276102
18.2912	0.276102	0.276089
18.3077	0.276089	0.277578
18.3431	0.277578	0.279756
18.3478	0.279756	0.278036
18.362	0.278036	0.276532
18.3856	0.276532	0.274715
18.3997	0.274715	0.273626
18.4045	0.273626	0.272173
18.4233	0.272173	0.270901
18.4517	0.270901	0.269788
18.4682	0.269788	0.270315
18.4729	0.270315	0.269276
18.4871	0.269276	0.268366
18.5059	0.268366	0.268445
18.513	0.268445	0.26764
18.539	0.26764	0.26831
18.5437	0.26831	0.267521
18.5626	0.267521	0.267956
18.5815	0.267956	0.268711
18.6051	0.268711	0.267872
18.6216	0.267872	0.268638
18.631	0.268638	0.268809
18.6499	0.268809	0.268208
18.6641	0.268208	0.267807
18.6806	0.267807	0.268831
18.6877	0.268831	0.268227
18.7136	0.268227	0.267449
18.7254	0.267449	0.266142
18.7301	0.266142	0.265125
18.7396	0.265125	0.263484
18.7561	0.263484	0.261924
18.7608	0.261924	0.260058
18.7773	0.260058	0.257426
18.7821	0.257426	0.255123
18.7962	0.255123	0.252482
18.8104	0.252482	0.249547
18.8293	0.249547	0.246354
18.8481	0.246354	0.243934
18.8576	0.243934	0.241693
18.8788	0.241693	0.240106
18.8906	0.240106	0.240218
18.9071	0.240218	0.240566
18.9142	0.240566	0.239745
18.9378	0.239745	0.241027
18.9496	0.241027	0.240398
18.9543	0.240398	0.238974
18.9614	0.238974	0.237977
18.9756	0.237977	0.23773
18.9803	0.23773	0.236014
18.9968	0.236014	0.236012
19.0015	0.236012	0.23451
19.0157	0.23451	0.234322
19.0299	0.234322	0.234156
19.044	0.234156	0.234137
19.0582	0.234137	0.233495
19.0676	0.233495	0.231683
19.0865	0.231683	0.231348
19.0959	0.231348	0.229554
19.1172	0.229554	0.229235
19.1219	0.229235	0.22733
19.1479	0.22733	0.228039
19.162	0.228039	0.227659
19.1667	0.227659	0.226327
19.1715	0.226327	0.225161
19.1856	0.225161	0.225016
19.1903	0.225016	0.223764
19.2092	0.223764	0.224418
19.2139	0.224418	0.223491
19.2281	0.223491	0.22393
19.2423	0.22393	0.224313
19.2564	0.224313	0.224649
19.2706	0.224649	0.224818
19.28	0.224818	0.224466
19.2989	0.224466	0.225283
19.3083	0.225283	0.224872
19.3272	0.224872	0.225763
19.3319	0.225763	0.224293
19.3367	0.224293	0.223131
19.3626	0.223131	0.222115
19.3768	0.222115	0.2211
19.3815	0.2211	0.220338
19.3862	0.220338	0.219671
19.4004	0.219671	0.219087
19.4051	0.219087	0.218576
19.424	0.218576	0.218004
19.4287	0.218004	0.217628
19.4429	0.217628	0.217175
19.457	0.217175	0.216903
19.4712	0.216903	0.216665
19.4853	0.216665	0.216457
19.4948	0.216457	0.21615
19.5137	0.21615	0.216006
19.5231	0.216006	0.21588
19.542	0.21588	0.215645
19.5467	0.215645	0.215565
19.5514	0.215565	0.215494
19.575	0.215494	0.215182
19.5915	0.215182	0.21516
19.5963	0.21516	0.21514
19.601	0.21514	0.214997
19.6175	0.214997	0.215248
19.6222	0.215248	0.215467
19.6411	0.215467	0.215783
19.6458	0.215783	0.215935
19.66	0.215935	0.216068
19.6741	0.216068	0.216185
19.6883	0.216185	0.216287
19.7025	0.216287	0.216376
19.7119	0.216376	0.216454
19.7308	0.216454	0.216522
19.7402	0.216522	0.216582
19.7591	0.216582	0.216759
19.7638	0.216759	0.216789
19.7685	0.216789	0.216816
19.7921	0.216816	0.216839
19.811	0.216839	0.217234
19.8157	0.217234	0.21808
19.8205	0.21808	0.21882
19.8393	0.21882	0.221342
19.8441	0.221342	0.222049
19.8629	0.222049	0.224293
19.8677	0.224293	0.224507
19.8842	0.224507	0.226318
19.8983	0.226318	0.227903
19.9125	0.227903	0.229166
19.9267	0.229166	0.23027
19.9361	0.23027	0.230736
19.955	0.230736	0.232269
19.9644	0.232269	0.232485
19.9833	0.232485	0.2338
19.988	0.2338	0.2332
19.9927	0.2332	0.232675
20.0163	0.232675	0.23459
20.0352	0.23459	0.235642
20.0399	0.235642	0.234686
20.0447	0.234686	0.233976
20.0659	0.233976	0.235354
20.0706	0.235354	0.234809
20.0919	0.234809	0.236333
20.0966	0.236333	0.236042
20.1155	0.236042	0.237536
20.1296	0.237536	0.238469
20.1438	0.238469	0.239286
20.1579	0.239286	0.24
20.1674	0.24	0.240125
20.1863	0.240125	0.241359
20.1957	0.241359	0.241314
20.2146	0.241314	0.2424
20.2193	0.2424	0.2416
20.224	0.2416	0.2409
20.2476	0.2409	0.242663
20.2665	0.242663	0.24358
20.2712	0.24358	0.242632
20.2759	0.242632	0.241803
20.2807	0.241803	0.241078
20.2995	0.241078	0.240193
20.3043	0.240193	0.239419
20.3231	0.239419	0.238492
20.3279	0.238492	0.237555
20.3467	0.237555	0.236736
20.3633	0.236736	0.236394
20.3774	0.236394	0.236095
20.3916	0.236095	0.235833
20.401	0.235833	0.235604
20.4199	0.235604	0.235278
20.4293	0.235278	0.235118
20.4482	0.235118	0.234979
20.4529	0.234979	0.234731
20.4577	0.234731	0.234515
20.4813	0.234515	0.234451
20.5001	0.234451	0.234394
20.5049	0.234394	0.23422
20.5096	0.23422	0.234192
20.5143	0.234192	0.234168
20.5332	0.234168	0.234147
20.5379	0.234147	0.234004
20.5568	0.234004	0.233878
20.5615	0.233878	0.233894
20.5827	0.233894	0.234157
20.5969	0.234157	0.234012
20.6111	0.234012	0.234011
20.6252	0.234011	0.234009
20.6347	0.234009	0.233883
20.6535	0.233883	0.233898
20.663	0.233898	0.233786
20.6842	0.233786	0.234062
20.6889	0.234062	0.234305
20.6937	0.234305	0.234517
20.7173	0.234517	0.234702
20.7361	0.234702	0.234864
20.7409	0.234864	0.235006
20.7456	0.235006	0.23513
20.7503	0.23513	0.235239
20.7692	0.235239	0.235334
20.7739	0.235334	0.235417
20.7928	0.235417	0.237865
20.7975	0.237865	0.238257
20.8211	0.238257	0.240975
20.8353	0.240975	0.242478
20.8494	0.242478	0.243793
20.8659	0.243793	0.245069
20.8754	0.245069	0.245686
20.8943	0.245686	0.247475
20.9037	0.247475	0.24779
20.9273	0.24779	0.249942
20.932	0.249942	0.249699
20.9367	0.249699	0.249487
20.9603	0.249487	0.251676
20.9792	0.251676	0.252966
20.9839	0.252966	0.252221
20.9887	0.252221	0.251693
20.9934	0.251693	0.251231
21.0123	0.251231	0.252577
21.017	0.252577	0.25188
21.0359	0.25188	0.253145
21.0406	0.253145	0.252502
21.0642	0.252502	0.254314
21.0807	0.254314	0.2549
21.0949	0.2549	0.255413
21.1137	0.255413	0.256486
21.1232	0.256486	0.256675
21.1421	0.256675	0.257966
21.1515	0.257966	0.257845
21.1775	0.257845	0.259864
21.1822	0.259864	0.259256
21.1869	0.259256	0.258599
21.2105	0.258599	0.260524
21.2294	0.260524	0.261584
21.2341	0.261584	0.260761
21.2388	0.260761	0.260041
21.2435	0.260041	0.259411
21.2624	0.259411	0.260609
21.2671	0.260609	0.259908
21.286	0.259908	0.26117
21.2907	0.26117	0.260398
21.3143	0.260398	0.262099
21.3191	0.262099	0.261211
21.3332	0.261211	0.260185
21.3474	0.260185	0.259287
21.3686	0.259287	0.258751
21.3781	0.258751	0.258282
21.3969	0.258282	0.257747
21.4064	0.257747	0.257403
21.43	0.257403	0.256728
21.4347	0.256728	0.256137
21.4394	0.256137	0.255745
21.463	0.255745	0.255402
21.4819	0.255402	0.254977
21.4866	0.254977	0.254604
21.4913	0.254604	0.254404
21.4961	0.254404	0.254228
21.5149	0.254228	0.25395
21.5197	0.25395	0.253706
21.5385	0.253706	0.253493
21.5433	0.253493	0.253431
21.5669	0.253431	0.253252
21.5716	0.253252	0.253096
21.5857	0.253096	0.252959
21.5999	0.252959	0.252839
21.6188	0.252839	0.252484
21.6306	0.252484	0.252424
21.6495	0.252424	0.252496
21.6589	0.252496	0.252434
21.6825	0.252434	0.252504
21.6872	0.252504	0.252566
21.6919	0.252566	0.252496
21.7155	0.252496	0.252434
21.7368	0.252434	0.252754
21.7415	0.252754	0.253035
21.7462	0.253035	0.253281
21.7509	0.253281	0.253371
21.7698	0.253371	0.253574
21.7745	0.253574	0.253753
21.7934	0.253753	0.253908
21.7981	0.253908	0.254045
21.8217	0.254045	0.254164
21.8265	0.254164	0.254269
21.8406	0.254269	0.25436
21.8548	0.25436	0.25444
21.8737	0.25444	0.256885
21.8878	0.256885	0.258399
21.9091	0.258399	0.260975
21.9185	0.260975	0.261978
21.9421	0.261978	0.264731
21.9468	0.264731	0.264639
21.9515	0.264639	0.264559
21.9751	0.264559	0.266989
21.9964	0.266989	0.268741
22.0011	0.268741	0.268273
22.0082	0.268273	0.268114
22.0129	0.268114	0.26785
22.0318	0.26785	0.269494
22.0365	0.269494	0.269182
22.053	0.269182	0.270409
22.0577	0.270409	0.269608
22.0813	0.269608	0.271282
22.0861	0.271282	0.270497
22.1026	0.270497	0.271185
22.1144	0.271185	0.271537
22.1333	0.271537	0.272469
22.1474	0.272469	0.272661
22.171	0.272661	0.274078
22.1805	0.274078	0.273693
22.2017	0.273693	0.274857
22.2064	0.274857	0.2735
22.2206	0.2735	0.273562
22.2371	0.273562	0.275117
22.2607	0.275117	0.276352
22.2725	0.276352	0.276308
22.2819	0.276308	0.27677
22.289	0.27677	0.277299
22.3055	0.277299	0.279261
22.315	0.279261	0.279729
22.3197	0.279729	0.280137
22.3433	0.280137	0.28137
22.3527	0.28137	0.283074
22.3645	0.283074	0.283065
22.3693	0.283065	0.283057
22.3858	0.283057	0.28305
22.3976	0.28305	0.283043
22.4188	0.283043	0.283288
22.433	0.283288	0.283502
22.4424	0.283502	0.281939
22.4613	0.281939	0.281822
22.4731	0.281822	0.280594
22.4967	0.280594	0.28177
22.5156	0.28177	0.283424
22.5203	0.283424	0.283371
22.5321	0.283371	0.281949
22.551	0.281949	0.281456
22.5675	0.281456	0.282024
22.5722	0.282024	0.282146
22.5817	0.282146	0.281378
22.5982	0.281378	0.281705
22.6123	0.281705	0.283117
22.6289	0.283117	0.283353
22.6336	0.283353	0.283058
22.6477	0.283058	0.283051
22.6572	0.283051	0.28367
22.6737	0.28367	0.284211
22.6926	0.284211	0.28556
22.702	0.28556	0.285365
22.7209	0.285365	0.285694
22.7351	0.285694	0.286607
22.7587	0.286607	0.287906
22.7634	0.287906	0.288168
22.7799	0.288168	0.287522
22.7964	0.287522	0.286707
22.8082	0.286707	0.286868
22.8247	0.286868	0.28751
22.8295	0.28751	0.286446
22.8389	0.286446	0.284515
22.8554	0.284515	0.284326
22.8672	0.284326	0.284535
22.8719	0.284535	0.283093
22.8908	0.283093	0.282457
22.9003	0.282457	0.28115
22.9168	0.28115	0.281381
22.9309	0.281381	0.281583
22.9357	0.281583	0.281135
22.9498	0.281135	0.280493
22.9758	0.280493	0.280807
22.9947	0.280807	0.282206
23.0183	0.282206	0.28418
23.023	0.28418	0.284533
23.0395	0.284533	0.284091
23.0607	0.284091	0.285705
23.0702	0.285705	0.286367
23.082	0.286367	0.288321
23.4031	0.288321	0.288281
23.5234	0.288281	0.288496
23.5493	0.288496	0.288184
23.5799	0.288184	0.284536
23.5988	0.284536	0.283094
23.6413	0.283094	0.283082
23.6625	0.283082	0.280947
23.6861	0.280947	0.279828
23.6956	0.279828	0.276725
23.7286	0.276725	0.275134
23.7617	0.275134	0.273492
23.7805	0.273492	0.270806
23.8089	0.270806	0.26933
23.8136	0.26933	0.265414
23.8325	0.265414	0.261487
23.8749	0.261487	0.257926
23.8962	0.257926	0.254935
23.9198	0.254935	0.252194
23.9292	0.252194	0.249919
23.9623	0.249919	0.247929
23.9953	0.247929	0.246188
24.0142	0.246188	0.244665
24.0449	0.244665	0.243582
24.0496	0.243582	0.242634
24.0685	0.242634	0.24418
24.1109	0.24418	0.248407
24.1345	0.248407	0.249856
24.1605	0.249856	0.251624
24.1699	0.251624	0.251421
24.203	0.251421	0.254119
24.236	0.254119	0.256604
24.2549	0.256604	0.256903
24.2879	0.256903	0.258915
24.2927	0.258915	0.257551
24.3115	0.257551	0.258107
24.354	0.258107	0.261594
24.3776	0.261594	0.262269
24.4083	0.262269	0.263736
24.4177	0.263736	0.262894
24.4508	0.262894	0.265157
24.4838	0.265157	0.267137
24.5027	0.267137	0.266995
24.5381	0.266995	0.269121
24.5428	0.269121	0.267356
24.5617	0.267356	0.267561
24.6042	0.267561	0.270741
24.6089	0.270741	0.268648
24.6325	0.268648	0.266942
24.6608	0.266942	0.265075
24.6703	0.265075	0.263565
24.7057	0.263565	0.262495
24.7387	0.262495	0.261558
24.7576	0.261558	0.260738
24.7906	0.260738	0.259646
24.7953	0.259646	0.258815
24.8142	0.258815	0.258088
24.8567	0.258088	0.257327
24.8614	0.257327	0.256786
24.885	0.256786	0.256313
24.9133	0.256313	0.255899
24.9228	0.255899	0.255412
24.9582	0.255412	0.25511
24.9912	0.25511	0.254846
25.0101	0.254846	0.254616
25.0431	0.254616	0.254414
25.0479	0.254414	0.254112
25.0667	0.254112	0.253848
25.1116	0.253848	0.253992
25.1163	0.253992	0.254118
25.1399	0.254118	0.254103
25.1682	0.254103	0.257715
25.1777	0.257715	0.258501
25.2154	0.258501	0.262813
25.2508	0.262813	0.266462
25.2697	0.266462	0.267904
25.3027	0.267904	0.270916
25.3075	0.270916	0.270051
25.3263	0.270051	0.27117
25.3712	0.27117	0.275399
25.3759	0.275399	0.273974
25.3995	0.273974	0.275102
25.4278	0.275102	0.276714
25.4373	0.276714	0.27575
25.4774	0.27575	0.278781
25.5104	0.278781	0.280809
25.5317	0.280809	0.280833
25.5647	0.280833	0.282604
25.5694	0.282604	0.280653
25.5859	0.280653	0.280321
25.6331	0.280321	0.283656
25.6379	0.283656	0.281449
25.6591	0.281449	0.281768
25.6874	0.281768	0.282547
25.6992	0.282547	0.281229
25.7134	0.281229	0.280575
25.7417	0.280575	0.278503
25.7724	0.278503	0.27644
25.7936	0.27644	0.274635
25.829	0.274635	0.273431
25.8385	0.273431	0.272877
25.8479	0.272877	0.271517
25.8975	0.271517	0.270578
25.9093	0.270578	0.270755
25.9211	0.270755	0.269661
25.9494	0.269661	0.268703
25.9635	0.268703	0.268115
25.9824	0.268115	0.268226
26.0037	0.268226	0.267448
26.0343	0.267448	0.266767
26.0556	0.266767	0.266171
26.091	0.266171	0.265525
26.1193	0.265525	0.267459
26.124	0.267459	0.268652
26.1594	0.268652	0.26782
26.1807	0.26782	0.268218
26.1854	0.268218	0.26769
26.2113	0.26769	0.266979
26.2373	0.266979	0.267857
26.2444	0.267857	0.267125
26.2656	0.267125	0.266484
26.2939	0.266484	0.269424
26.3152	0.269424	0.270871
26.3506	0.270871	0.273887
26.3789	0.273887	0.275651
26.3836	0.275651	0.274195
26.4143	0.274195	0.27617
26.4308	0.27617	0.275524
26.4355	0.275524	0.272958
26.4544	0.272958	0.272464
26.4686	0.272464	0.270531
26.4733	0.270531	0.266214
26.4898	0.266214	0.263563
26.5229	0.263563	0.262742
26.5417	0.262742	0.260899
26.5771	0.260899	0.261037
26.6007	0.261037	0.259657
26.6055	0.259657	0.255575
26.6338	0.255575	0.254878
26.6479	0.254878	0.252144
26.6527	0.252144	0.248376
26.6692	0.248376	0.246579
26.6833	0.246579	0.244381
26.6881	0.244381	0.241334
26.7022	0.241334	0.239792
26.7258	0.239792	0.239318
26.7471	0.239318	0.237528
26.7518	0.237528	0.234087
26.7848	0.234087	0.230701
26.8084	0.230701	0.227864
26.8131	0.227864	0.225381
26.8438	0.225381	0.223458
26.858	0.223458	0.221776
26.8627	0.221776	0.220304
26.8816	0.220304	0.219266
26.8957	0.219266	0.218358
26.9005	0.218358	0.217563
26.9146	0.217563	0.216868
26.9382	0.216868	0.216384
26.9571	0.216384	0.215586
26.9618	0.215586	0.214888
26.9949	0.214888	0.214277
27.0208	0.214277	0.213992
27.0255	0.213992	0.213743
27.0539	0.213743	0.213275
27.068	0.213275	0.212991
27.0727	0.212991	0.212617
27.0916	0.212617	0.21229
27.1058	0.21229	0.212004
27.1105	0.212004	0.211753
27.1247	0.211753	0.211534
27.1483	0.211534	0.211342
27.1671	0.211342	0.211175
27.1719	0.211175	0.211028
27.2073	0.211028	0.211274
27.2309	0.211274	0.214365
27.2356	0.214365	0.214444
27.2639	0.214444	0.217389
27.2781	0.217389	0.21834
27.2828	0.21834	0.217798
27.304	0.217798	0.219573
27.3182	0.219573	0.220501
27.3229	0.220501	0.220064
27.3371	0.220064	0.220931
27.3607	0.220931	0.222814
27.3795	0.222814	0.223838
27.3843	0.223838	0.222983
27.422	0.222983	0.226485
27.4456	0.226485	0.227924
27.4503	0.227924	0.226934
27.4787	0.226934	0.228942
27.4928	0.228942	0.228949
27.4975	0.228949	0.227706
27.5235	0.227706	0.229367
27.5377	0.229367	0.229822
27.5424	0.229822	0.229094
27.5565	0.229094	0.229707
27.5801	0.229707	0.231369
27.599	0.231369	0.232323
27.6037	0.232323	0.231282
27.6415	0.231282	0.234497
27.6675	0.234497	0.23581
27.6722	0.23581	0.234709
27.6769	0.234709	0.23362
27.7052	0.23362	0.232793
27.7194	0.232793	0.232068
27.7241	0.232068	0.231435
27.7524	0.231435	0.231131
27.7689	0.231131	0.231114
27.7737	0.231114	0.2311
27.7878	0.2311	0.231087
27.8114	0.231087	0.231077
27.8303	0.231077	0.231067
27.835	0.231067	0.231184
27.8728	0.231184	0.231161
27.8964	0.231161	0.230891
27.9011	0.230891	0.230654
27.9058	0.230654	0.230447
27.9341	0.230447	0.230267
27.9483	0.230267	0.230108
27.953	0.230108	0.22997
27.9837	0.22997	0.230098
27.9979	0.230098	0.229961
28.0026	0.229961	0.229841
28.0167	0.229841	0.229736
28.0403	0.229736	0.229644
28.0592	0.229644	0.229563
28.0639	0.229563	0.229368
28.1017	0.229368	0.229322
28.1253	0.229322	0.229282
28.13	0.229282	0.229247
28.1347	0.229247	0.229216
28.1654	0.229216	0.229439
28.1796	0.229439	0.229634
28.1843	0.229634	0.23043
28.2126	0.23043	0.234001
28.2268	0.234001	0.235126
28.2315	0.235126	0.234985
28.248	0.234985	0.236362
28.2716	0.236362	0.238692
28.2905	0.238692	0.240105
28.2952	0.240105	0.239592
28.333	0.239592	0.243268
28.3566	0.243268	0.244735
28.3613	0.244735	0.243643
28.366	0.243643	0.242687
28.3991	0.242687	0.245476
28.4132	0.245476	0.245792
28.4179	0.245792	0.244818
28.4463	0.244818	0.246966
28.4604	0.246966	0.247095
28.4651	0.247095	0.246083
28.484	0.246083	0.246948
28.5076	0.246948	0.248454
28.5265	0.248454	0.249272
28.5312	0.249272	0.248238
28.5713	0.248238	0.251709
28.5949	0.251709	0.252995
28.5997	0.252995	0.251746
28.6044	0.251746	0.250652
28.6398	0.250652	0.253446
28.6539	0.253446	0.253515
28.6587	0.253515	0.252451
28.687	0.252451	0.254519
28.6917	0.254519	0.253329
28.7059	0.253329	0.252288
28.7106	0.252288	0.251377
28.7295	0.251377	0.25058
28.7554	0.25058	0.250258
28.7743	0.250258	0.249975
28.779	0.249975	0.249728
28.8215	0.249728	0.249762
28.8451	0.249762	0.249917
28.8498	0.249917	0.249927
28.8545	0.249927	0.249937
28.8876	0.249937	0.249694
28.9017	0.249694	0.249483
28.9065	0.249483	0.249297
28.9348	0.249297	0.249135
28.9395	0.249135	0.248993
28.9537	0.248993	0.248869
28.9584	0.248869	0.24876
28.9773	0.24876	0.248665
29.0009	0.248665	0.248207
29.0197	0.248207	0.247806
29.0245	0.247806	0.247456
29.0669	0.247456	0.247149
29.0929	0.247149	0.24713
29.0976	0.24713	0.247239
29.1023	0.247239	0.247334
29.1354	0.247334	0.247417
29.1495	0.247417	0.24749
29.1543	0.24749	0.247554
29.1826	0.247554	0.24761
29.1873	0.24761	0.247658
29.2015	0.247658	0.247701
29.2062	0.247701	0.247738
29.2274	0.247738	0.250396
29.251	0.250396	0.253347
29.2699	0.253347	0.255303
29.2746	0.255303	0.255265
29.3195	0.255265	0.260232
29.3431	0.260232	0.262328
29.3478	0.262328	0.261412
29.3525	0.261412	0.260611
29.3855	0.260611	0.263409
29.3997	0.263409	0.263483
29.4044	0.263483	0.262423
29.4327	0.262423	0.26437
29.4375	0.26437	0.263199
29.4516	0.263199	0.263299
29.4563	0.263299	0.262261
29.4799	0.262261	0.263604
29.5035	0.263604	0.265153
29.5224	0.265153	0.265884
29.5271	0.265884	0.264899
29.5743	0.264899	0.269286
29.5979	0.269286	0.270376
29.6027	0.270376	0.268954
29.6074	0.268954	0.267834
29.6428	0.267834	0.270605
29.6569	0.270605	0.270654
29.6617	0.270654	0.269573
29.69	0.269573	0.271501
29.6947	0.271501	0.270313
29.7089	0.270313	0.270399
29.7136	0.270399	0.269349
29.7372	0.269349	0.270806
29.7631	0.270806	0.272455
29.7679	0.272455	0.271398
29.7867	0.271398	0.270473
29.7915	0.270473	0.269664
29.8363	0.269664	0.268706
29.8599	0.268706	0.267868
29.867	0.267868	0.267384
29.8788	0.267384	0.267836
29.9047	0.267836	0.267107
29.9189	0.267107	0.266468
29.9378	0.266468	0.26766
29.9519	0.26766	0.266952
29.9614	0.266952	0.266958
29.9708	0.266958	0.266339
29.9755	0.266339	0.265796
29.9991	0.265796	0.265322
30.0251	0.265322	0.264906
30.0322	0.264906	0.264918
30.0487	0.264918	0.264553
30.0605	0.264553	0.265109
30.0983	0.265109	0.264721
30.1219	0.264721	0.264381
30.1384	0.264381	0.265333
30.1573	0.265333	0.267041
30.1667	0.267041	0.266411
30.1809	0.266411	0.26586
30.1997	0.26586	0.265377
30.221	0.265377	0.26583
30.2257	0.26583	0.265601
30.2351	0.265601	0.265526
30.2469	0.265526	0.26621
30.2611	0.26621	0.265684
30.2806	0.265684	0.264349
30.3089	0.264349	0.265805
30.3137	0.265805	0.265704
30.3375	0.265704	0.268616
30.3611	0.268616	0.272664
30.38	0.272664	0.273706
30.4012	0.273706	0.274493
30.4083	0.274493	0.273931
30.4248	0.273931	0.273065
30.4508	0.273065	0.274432
30.4673	0.274432	0.276003
30.4838	0.276003	0.277002
30.4885	0.277002	0.275877
30.498	0.275877	0.275393
