1.01884	0	5360
1.04156	5360	5896
1.04628	5896	6432
1.051	6432	6968
1.05572	6968	7504
1.06044	7504	8040
1.06516	8040	8576
1.06988	8576	9112
1.0746	9112	9648
1.07932	9648	10184
1.08404	10184	10720
1.08876	10720	11256
1.09348	11256	11792
1.0982	11792	12328
1.10292	12328	12864
1.10764	12864	13400
1.11236	13400	13936
1.11708	13936	14472
1.1218	14472	15008
1.12652	15008	15544
1.13124	15544	16080
1.13596	16080	16616
1.14068	16616	17152
1.1454	17152	17688
1.15012	17688	18224
1.15507	18224	18760
1.15979	18760	19296
1.16451	19296	19832
1.16923	19832	20368
1.17395	20368	20904
1.17867	20904	21440
1.18339	21440	21976
1.18811	21976	22512
1.19283	22512	23048
1.19755	23048	23584
1.20227	23584	24120
1.20699	24120	24656
1.21171	24656	25192
1.21643	25192	25728
1.22115	25728	26264
1.22609	26264	26800
1.23317	26800	27336
1.2493	27336	27872
1.26321	27872	28408
1.26793	28408	28944
1.27265	28944	29480
1.27737	29480	30016
1.28209	30016	30552
1.28681	30552	31088
1.29153	31088	31624
1.29625	31624	32160
1.30097	32160	32696
1.30569	32696	33232
1.31041	33232	33768
1.31513	33768	34304
1.31985	34304	34840
1.3248	34840	35376
1.32952	35376	35912
1.33424	35912	36448
1.33896	36448	36984
1.34368	36984	37520
1.3484	37520	38056
1.35312	38056	38592
1.35784	38592	39128
1.36256	39128	39664
1.36728	39664	40200
1.37672	40200	40736
1.3956	40736	41272
1.40032	41272	41808
1.4192	41808	42344
1.42392	42344	42880
1.42864	42880	43416
1.43336	43416	43952
1.43808	43952	44488
1.4428	44488	45024
1.44752	45024	45560
1.45224	45560	46096
1.45696	46096	46632
1.46168	46632	47168
1.4664	47168	47704
1.47112	47704	48240
1.47607	48240	48776
1.48079	48776	49312
1.48551	49312	49848
1.49023	49848	50384
1.49495	50384	50920
1.49967	50920	51456
1.50461	51456	51992
1.51392	51992	52528
1.52323	52528	53064
1.53713	53064	53600
1.54645	53600	54136
1.55117	54136	54672
1.55589	54672	55208
1.56061	55208	55744
1.56533	55744	56280
1.57005	56280	56816
1.57477	56816	57352
1.57949	57352	57888
1.58421	57888	58424
1.58893	58424	58960
1.59365	58960	59496
1.59837	59496	60032
1.61017	60032	60568
1.61489	60568	61104
1.64085	61104	61640
1.64557	61640	62176
1.65029	62176	62712
1.67625	62712	63248
1.68097	63248	63784
1.68569	63784	64320
1.69041	64320	64856
1.69513	64856	65392
1.69985	65392	65928
1.70457	65928	66464
1.70929	66464	67000
1.71401	67000	67536
1.71873	67536	68072
1.72345	68072	68608
1.74216	68608	69144
1.74688	69144	69680
1.75619	69680	70216
1.77022	70216	70752
1.7773	70752	71288
1.78202	71288	71824
1.80096	71824	71288
1.90486	71288	70752
1.9592	70752	70216
2.02056	70216	69680
2.06068	69680	69144
2.11024	69144	68608
2.1362	68608	68340
2.15036	68340	68072
2.15272	68072	67268
2.1598	67268	67000
2.16216	67000	66732
2.16452	66732	66464
2.17396	66464	66196
2.17632	66196	65928
2.1834	65928	65124
2.18576	65124	64856
2.18812	64856	64588
2.19756	64588	64320
2.19992	64320	64052
2.207	64052	63784
2.20936	63784	63516
2.21172	63516	62712
2.22116	62712	62444
2.22824	62444	62176
2.23532	62176	61908
2.23768	61908	61640
2.24004	61640	61372
2.25656	61372	61104
2.25892	61104	60300
2.28252	60300	60032
2.28488	60032	59764
2.28724	59764	58960
2.30612	58960	58692
2.30848	58692	58424
2.31084	58424	57620
2.33208	57620	57352
2.33444	57352	57084
2.35332	57084	56280
2.35568	56280	56012
2.35804	56012	55744
2.37928	55744	55476
2.38164	55476	54672
2.40052	54672	54404
2.40288	54404	54136
2.40524	54136	53332
2.42412	53332	53064
2.42648	53064	52796
2.44064	52796	51992
2.443	51992	51724
2.44536	51724	50920
2.45952	50920	50652
2.46188	50652	50384
2.4784	50384	49580
2.48076	49580	49312
2.48312	49312	49044
2.50436	49044	48776
2.50672	48776	48508
2.51616	48508	47704
2.5374	47704	46900
2.53976	46900	46632
2.55864	46632	45828
2.561	45828	45560
2.56336	45560	44756
2.5846	44756	44488
2.58696	44488	44220
2.60584	44220	43416
2.6082	43416	43148
2.61056	43148	42344
2.6318	42344	42076
2.63416	42076	41808
2.65304	41808	41004
2.6554	41004	40200
2.65776	40200	39396
2.67428	39396	39128
2.67664	39128	38860
2.69316	38860	38592
2.69788	38592	37788
2.70024	37788	36984
2.72148	36984	36716
2.72384	36716	36448
2.7262	36448	35376
3.50436	35376	536
3.62631	536	1072
3.72071	1072	1608
3.72307	1608	2144
3.81983	2144	2680
3.82673	2680	3216
3.92113	3216	3752
3.92585	3752	4288
3.93057	4288	4824
4.02969	4824	5360
4.03441	5360	5896
4.03913	5896	6432
4.04385	6432	6968
4.15005	6968	7504
4.15477	7504	8040
4.15949	8040	8576
4.16421	8576	9112
4.16893	9112	9648
4.17365	9648	10184
4.28693	10184	10720
4.29165	10720	11256
4.29637	11256	11792
4.30109	11792	12328
4.30581	12328	12864
4.31053	12864	13400
4.31525	13400	13936
4.31997	13936	14472
4.32469	14472	15008
4.43561	15008	15544
4.43561	15544	15562
4.44033	15562	15580
4.44505	15580	15598
4.44977	15598	15616
4.45449	15616	15634
4.45921	15634	15652
4.46393	15652	15670
4.46865	15670	15688
4.47337	15688	15706
4.47809	15706	15724
4.48281	15724	15742
4.48753	15742	15760
4.49225	15760	15778
4.49697	15778	15796
4.61025	15796	15814
4.61497	15814	15832
4.61969	15832	15850
4.62441	15850	15868
4.62913	15868	15886
4.63385	15886	15904
4.63857	15904	15922
4.64329	15922	15940
4.64801	15940	15958
4.65273	15958	15976
4.65745	15976	15993
4.66217	15993	16010
4.66689	16010	16027
4.67161	16027	16044
4.79197	16044	16061
4.79669	16061	16078
4.80141	16078	16095
4.80613	16095	16112
4.81085	16112	16129
4.81557	16129	16146
4.82029	16146	16163
4.82501	16163	16180
4.82973	16180	16197
4.83445	16197	16214
4.83917	16214	16231
4.84389	16231	16248
4.84861	16248	16265
4.85333	16265	16282
4.98077	16282	16299
4.98549	16299	16316
4.99021	16316	16333
4.99493	16333	16350
4.99965	16350	16367
5.00437	16367	16384
5.00909	16384	16401
5.01381	16401	16418
5.01853	16418	16435
5.02325	16435	16452
5.02797	16452	16469
5.03269	16469	16486
5.03741	16486	16503
5.04213	16503	16520
5.04685	16520	16537
5.17193	16537	16554
5.17665	16554	16571
5.18137	16571	16588
5.18609	16588	16605
5.19081	16605	16622
5.19553	16622	16639
5.20025	16639	16656
5.20497	16656	16673
5.20969	16673	16690
5.21441	16690	16707
5.21913	16707	16724
5.22385	16724	16741
5.22857	16741	16758
5.23329	16758	16775
5.23801	16775	16792
5.36073	16792	16809
5.36545	16809	16826
5.37017	16826	16843
5.37489	16843	16860
5.37961	16860	16877
5.38433	16877	16894
5.38905	16894	16911
5.39377	16911	16927
5.39849	16927	16943
5.40321	16943	16959
5.40793	16959	16975
5.41265	16975	16991
5.41737	16991	17007
5.42209	17007	17023
5.42681	17023	17039
5.55425	17039	17055
5.55897	17055	17071
5.56369	17071	17087
5.56841	17087	17103
5.57313	17103	17119
5.57785	17119	17135
5.58257	17135	17151
5.58729	17151	17167
5.59201	17167	17183
5.59673	17183	17199
5.60145	17199	17215
5.60617	17215	17231
5.61089	17231	17247
5.61561	17247	17263
5.62033	17263	17279
5.75485	17279	17295
5.75957	17295	17311
5.76429	17311	17327
5.76901	17327	17343
5.77373	17343	17359
5.77845	17359	17375
5.78317	17375	17391
5.78789	17391	17407
5.79261	17407	17423
5.79733	17423	17439
5.80205	17439	17455
5.80677	17455	17471
5.81149	17471	17487
5.81621	17487	17503
5.82093	17503	17519
5.82565	17519	17535
5.96725	17535	17551
5.97197	17551	17567
5.97669	17567	17583
5.98141	17583	17599
5.98613	17599	17615
5.99085	17615	17631
5.99557	17631	17647
6.00029	17647	17663
6.00501	17663	17679
6.00973	17679	17695
6.01445	17695	17711
6.01917	17711	17727
6.02389	17727	17743
6.02861	17743	17759
6.03333	17759	17775
6.03805	17775	17791
6.17729	17791	17807
6.18201	17807	17823
6.18673	17823	17839
6.19145	17839	17855
6.19617	17855	17871
6.20089	17871	17887
6.20561	17887	17903
6.21033	17903	17919
6.21505	17919	17935
6.21977	17935	17951
6.22449	17951	17967
6.22921	17967	17982
6.23393	17982	17997
6.23865	17997	18012
6.24337	18012	18027
6.24809	18027	18042
6.38969	18042	18057
6.39441	18057	18072
6.39913	18072	18087
6.40385	18087	18102
6.40857	18102	18117
6.41329	18117	18132
6.41801	18132	18147
6.42273	18147	18162
6.42745	18162	18177
6.43217	18177	18192
6.43689	18192	18207
6.44161	18207	18222
6.44633	18222	18237
6.45105	18237	18252
6.45577	18252	18267
6.46049	18267	18282
6.60917	18282	18297
6.61389	18297	18312
6.61861	18312	18327
6.62333	18327	18342
6.62805	18342	18357
6.63277	18357	18372
6.63749	18372	18387
6.64221	18387	18402
6.64693	18402	18417
6.65165	18417	18432
6.65637	18432	18447
6.66109	18447	18462
6.66581	18462	18477
6.67053	18477	18492
6.67525	18492	18507
6.67997	18507	18522
6.68469	18522	18537
6.84045	18537	18552
6.84517	18552	18567
6.84989	18567	18582
6.85461	18582	18597
6.85933	18597	18612
6.86405	18612	18627
6.86877	18627	18642
6.87349	18642	18657
6.87821	18657	18672
6.88293	18672	18687
6.88765	18687	18702
6.89237	18702	18717
6.89709	18717	18732
6.90181	18732	18747
6.90653	18747	18762
6.91125	18762	18777
6.91597	18777	18792
7.06937	18792	18807
7.07409	18807	18822
7.07881	18822	18837
7.08353	18837	18852
7.08825	18852	18867
7.09297	18867	18882
7.09769	18882	18897
7.10241	18897	18912
7.10713	18912	18927
7.11185	18927	18942
7.11657	18942	18957
7.12129	18957	18972
7.12601	18972	18987
7.13073	18987	19002
7.13545	19002	19017
7.14017	19017	19032
7.14489	19032	19047
7.30065	19047	19062
7.30537	19062	19077
7.31009	19077	19092
7.31481	19092	19107
7.31953	19107	19122
7.32425	19122	19137
7.32897	19137	19152
7.33369	19152	19167
7.33841	19167	19181
7.34313	19181	19195
7.34785	19195	19209
7.35257	19209	19223
7.35729	19223	19237
7.36201	19237	19251
7.36673	19251	19265
7.37145	19265	19279
7.37617	19279	19293
7.53901	19293	19307
7.54373	19307	19321
7.54845	19321	19335
7.55317	19335	19349
7.55789	19349	19363
7.56261	19363	19377
7.56733	19377	19391
7.57205	19391	19405
7.57677	19405	19419
7.58149	19419	19433
7.58621	19433	19447
7.59093	19447	19461
7.59565	19461	19475
7.60037	19475	19489
7.60509	19489	19503
7.60981	19503	19517
7.61453	19517	19531
7.78445	19531	19545
7.78917	19545	19559
7.79389	19559	19573
7.79861	19573	19587
7.80333	19587	19601
7.80805	19601	19615
7.81277	19615	19629
7.81749	19629	19643
7.82221	19643	19657
7.82693	19657	19671
7.83165	19671	19685
7.83637	19685	19699
7.84109	19699	19713
7.84581	19713	19727
7.85053	19727	19741
7.85525	19741	19755
7.85997	19755	19769
7.86469	19769	19783
8.03225	19783	19797
8.03697	19797	19811
8.04169	19811	19825
8.04641	19825	19839
8.05113	19839	19853
8.05585	19853	19867
8.06057	19867	19881
8.06529	19881	19895
8.07001	19895	19909
8.07473	19909	19923
8.07945	19923	19937
8.08417	19937	19951
8.08889	19951	19965
8.09361	19965	19979
8.09833	19979	19993
8.10305	19993	20007
8.10777	20007	20021
8.11249	20021	20035
8.27769	20035	20049
8.28241	20049	20063
8.28713	20063	20077
8.29185	20077	20091
8.29657	20091	20105
8.30129	20105	20119
8.30601	20119	20133
8.31073	20133	20147
8.31545	20147	20161
8.32017	20161	20175
8.32489	20175	20189
8.32961	20189	20203
8.33433	20203	20217
8.33905	20217	20231
8.34377	20231	20245
8.34849	20245	20259
8.35321	20259	20273
8.35793	20273	20287
8.52785	20287	20301
8.53257	20301	20315
8.53729	20315	20329
8.54201	20329	20343
8.54673	20343	20357
8.55145	20357	20371
8.55617	20371	20385
8.56089	20385	20399
8.56561	20399	20413
8.57033	20413	20427
8.57505	20427	20441
8.57977	20441	20455
8.58449	20455	20469
8.58921	20469	20483
8.59393	20483	20497
8.59865	20497	20511
8.60337	20511	20525
8.60809	20525	20538
8.78509	20538	20551
8.78981	20551	20564
8.79453	20564	20577
8.79925	20577	20590
8.80397	20590	20603
8.80869	20603	20616
8.81341	20616	20629
8.81813	20629	20642
8.82285	20642	20655
8.82757	20655	20668
8.83229	20668	20681
8.83701	20681	20694
8.84173	20694	20707
8.84645	20707	20720
8.85117	20720	20733
8.85589	20733	20746
8.86061	20746	20759
8.86533	20759	20772
8.87005	20772	20785
9.04941	20785	20798
9.05649	20798	20811
9.06121	20811	20824
9.06829	20824	20837
9.07301	20837	20850
9.07773	20850	20863
9.08245	20863	20876
9.08717	20876	20889
9.09189	20889	20902
9.09661	20902	20915
9.10133	20915	20928
9.10605	20928	20941
9.11077	20941	20954
9.11549	20954	20967
9.12021	20967	20980
9.12493	20980	20993
9.12965	20993	21006
9.14145	21006	21019
9.15325	21019	21032
9.31137	21032	21045
9.32553	21045	21058
9.33025	21058	21071
9.33497	21071	21084
9.33969	21084	21097
9.34441	21097	21110
9.34913	21110	21123
9.35385	21123	21136
9.35857	21136	21149
9.36329	21149	21162
9.36801	21162	21175
9.37273	21175	21188
9.37745	21188	21201
9.38217	21201	21214
9.38689	21214	21227
9.39161	21227	21240
9.40341	21240	21253
9.42229	21253	21266
9.44353	21266	21279
9.57097	21279	21292
9.58513	21292	21305
9.58985	21305	21318
9.59457	21318	21331
9.60637	21331	21344
9.61345	21344	21357
9.61817	21357	21370
9.62289	21370	21383
9.62761	21383	21396
9.63233	21396	21409
9.63705	21409	21422
9.64177	21422	21435
9.64649	21435	21448
9.65121	21448	21461
9.66537	21461	21474
9.68189	21474	21487
9.70077	21487	21500
9.73387	21500	20904
9.90615	20904	20636
9.90851	20636	20368
9.91087	20368	20100
9.91323	20100	19832
9.92031	19832	19564
9.92503	19564	19296
9.92739	19296	19028
9.92975	19028	18760
9.94391	18760	18492
9.94627	18492	18224
9.94863	18224	17956
9.95335	17956	17688
9.96043	17688	17420
9.97937	17420	17152
9.98173	17152	16884
9.98409	16884	16080
10.0006	16080	15812
10.003	15812	15544
10.0124	15544	15276
10.0147	15276	15008
10.0902	15008	14740
10.0926	14740	14472
10.1068	14472	14204
10.1233	14204	13936
10.1256	13936	13668
10.1422	13668	13400
10.1445	13400	13132
10.1469	13132	12864
10.1587	12864	12596
10.161	12596	12328
10.1681	12328	12060
10.1705	12060	11792
10.1728	11792	11524
10.1752	11524	11256
10.1823	11256	10988
10.1846	10988	10184
10.2412	10184	10212
10.2695	10212	10240
10.3781	10240	10268
10.3946	10268	10295
10.4135	10295	10322
10.4229	10322	10349
10.4324	10349	10376
10.4465	10376	10403
10.4513	10403	10430
10.4749	10430	10457
10.4985	10457	10484
10.5834	10484	10511
10.5999	10511	10538
10.6188	10538	10565
10.6235	10565	10592
10.6283	10592	10619
10.6401	10619	10646
10.6448	10646	10672
10.6684	10672	10698
10.6943	10698	10724
10.7817	10724	10750
10.8005	10750	10776
10.8194	10776	10802
10.8241	10802	10828
10.8289	10828	10854
10.843	10854	10880
10.8477	10880	10906
10.8713	10906	10932
10.8949	10932	10958
10.8997	10958	10984
10.9893	10984	11010
11.0082	11010	11036
11.0295	11036	11062
11.0342	11062	11087
11.0389	11087	11112
11.0531	11112	11137
11.0578	11137	11162
11.0814	11162	11187
11.105	11187	11212
11.1097	11212	11237
11.2041	11237	11262
11.223	11262	11287
11.2419	11287	11312
11.2466	11312	11337
11.2513	11337	11362
11.2655	11362	11387
11.2702	11387	11412
11.2938	11412	11437
11.3174	11437	11462
11.3221	11462	11487
11.4165	11487	11512
11.4354	11512	11536
11.4543	11536	11560
11.459	11560	11584
11.4637	11584	11608
11.4802	11608	11632
11.4849	11632	11656
11.5085	11656	11680
11.5321	11680	11704
11.5369	11704	11728
11.6336	11728	11752
11.6525	11752	11776
11.6737	11776	11800
11.6785	11800	11824
11.6832	11824	11848
11.7021	11848	11872
11.7068	11872	11896
11.7304	11896	11920
11.754	11920	11944
11.7587	11944	11968
11.8531	11968	11992
11.872	11992	12015
11.8956	12015	12038
11.9003	12038	12061
11.905	12061	12084
11.9097	12084	12107
11.9286	12107	12130
11.9333	12130	12153
11.9593	12153	12176
11.9829	12176	12199
11.9876	12199	12222
12.082	12222	12245
12.1009	12245	12268
12.1245	12268	12291
12.1292	12291	12314
12.1339	12314	12337
12.1387	12337	12360
12.1599	12360	12383
12.1646	12383	12406
12.1882	12406	12429
12.2142	12429	12452
12.2189	12452	12475
12.3133	12475	12498
12.3322	12498	12520
12.3558	12520	12542
12.3605	12542	12564
12.3652	12564	12586
12.3699	12586	12608
12.3935	12608	12630
12.3983	12630	12652
12.4219	12652	12674
12.4455	12674	12696
12.4502	12696	12718
12.5469	12718	12740
12.5658	12740	12762
12.5894	12762	12784
12.5941	12784	12806
12.5989	12806	12828
12.6036	12828	12850
12.6272	12850	12872
12.6319	12872	12894
12.6579	12894	12916
12.6815	12916	12938
12.6862	12938	12960
12.7877	12960	12982
12.8065	12982	13004
12.8301	13004	13026
12.8349	13026	13048
12.8396	13048	13070
12.8443	13070	13091
12.8679	13091	13112
12.8726	13112	13133
12.8773	13133	13154
12.9009	13154	13175
12.9245	13175	13196
12.9293	13196	13217
13.0355	13217	13238
13.0543	13238	13259
13.0779	13259	13280
13.0827	13280	13301
13.0874	13301	13322
13.0921	13322	13343
13.1157	13343	13364
13.1204	13364	13385
13.1251	13385	13406
13.1487	13406	13427
13.1747	13427	13448
13.1794	13448	13469
13.2856	13469	13490
13.3045	13490	13511
13.3281	13511	13532
13.3328	13532	13553
13.3375	13553	13574
13.3423	13574	13595
13.3659	13595	13616
13.3706	13616	13637
13.3753	13637	13658
13.3989	13658	13679
13.4272	13679	13700
13.4319	13700	13720
13.5381	13720	13740
13.557	13740	13760
13.5806	13760	13780
13.5853	13780	13800
13.5901	13800	13820
13.5948	13820	13840
13.6184	13840	13860
13.6231	13860	13880
13.6278	13880	13900
13.6514	13900	13920
13.6797	13920	13940
13.6845	13940	13960
13.7977	13960	13980
13.8166	13980	14000
13.8402	14000	14020
13.8449	14020	14040
13.8497	14040	14060
13.8544	14060	14080
13.878	14080	14100
13.8827	14100	14120
13.8874	14120	14140
13.911	14140	14160
13.9393	14160	14180
13.9441	14180	14200
13.9559	14200	14220
14.0597	14220	14240
14.0786	14240	14260
14.1022	14260	14280
14.1069	14280	14300
14.1116	14300	14320
14.1211	14320	14340
14.1399	14340	14360
14.1494	14360	14380
14.173	14380	14399
14.1871	14399	14418
14.2013	14418	14437
14.2155	14437	14456
14.2202	14456	14475
14.3217	14475	14494
14.3405	14494	14513
14.3641	14513	14532
14.3783	14532	14551
14.383	14551	14570
14.4019	14570	14589
14.4137	14589	14608
14.4349	14608	14627
14.4585	14627	14646
14.4633	14646	14665
14.4798	14665	14684
14.501	14684	14703
14.5152	14703	14722
14.5813	14722	14741
14.6001	14741	14760
14.6237	14760	14779
14.6379	14779	14798
14.6426	14798	14817
14.6615	14817	14836
14.6733	14836	14855
14.6969	14855	14874
14.7181	14874	14893
14.7229	14893	14912
14.7394	14912	14931
14.7606	14931	14950
14.7748	14950	14969
14.8409	14969	14988
14.8597	14988	15007
14.8833	15007	15026
14.8975	15026	15045
14.9022	15045	15064
14.9211	15064	15083
14.9376	15083	15102
14.9636	15102	15121
14.9777	15121	15139
14.9825	15139	15157
14.999	15157	15175
15.0226	15175	15193
15.0415	15193	15211
15.1005	15211	15229
15.1193	15229	15247
15.1429	15247	15265
15.1477	15265	15283
15.1642	15283	15301
15.1854	15301	15319
15.209	15319	15337
15.2137	15337	15355
15.2373	15355	15373
15.2586	15373	15391
15.2751	15391	15409
15.2987	15409	15427
15.3034	15427	15445
15.327	15445	15463
15.3624	15463	15481
15.3813	15481	15499
15.4049	15499	15517
15.4167	15517	15535
15.4261	15535	15553
15.4474	15553	15571
15.471	15571	15589
15.4804	15589	15607
15.4946	15607	15625
15.5087	15625	15643
15.5276	15643	15661
15.5536	15661	15679
15.5583	15679	15697
15.5772	15697	15715
15.6102	15715	15733
15.6267	15733	15751
15.648	15751	15769
15.6598	15769	15787
15.6692	15787	15805
15.6881	15805	15823
15.7093	15823	15841
15.7188	15841	15859
15.7329	15859	15877
15.7471	15877	15895
15.7613	15895	15913
15.7801	15913	15931
15.7849	15931	15949
15.8061	15949	15967
15.8391	15967	15984
15.8533	15984	16001
15.8769	16001	16018
15.8863	16018	16035
15.8958	16035	16052
15.9147	16052	16069
15.9383	16069	16086
15.9501	16086	16103
15.9642	16103	16120
15.9784	16120	16137
15.9925	16137	16154
16.0114	16154	16171
16.0161	16171	16188
16.0397	16188	16205
16.0751	16205	16222
16.0893	16222	16239
16.1129	16239	16256
16.1223	16256	16273
16.1318	16273	16290
16.1507	16290	16307
16.1743	16307	16324
16.179	16324	16341
16.1884	16341	16358
16.2026	16358	16375
16.2167	16375	16392
16.2309	16392	16409
16.2498	16409	16426
16.2545	16426	16443
16.2781	16443	16460
16.3135	16460	16477
16.3277	16477	16494
16.3513	16494	16511
16.3607	16511	16528
16.3701	16528	16545
16.389	16545	16562
16.4126	16562	16579
16.4173	16579	16596
16.4268	16596	16613
16.4409	16613	16630
16.4575	16630	16647
16.4716	16647	16664
16.4905	16664	16681
16.4952	16681	16698
16.5188	16698	16715
16.5519	16715	16732
16.566	16732	16749
16.5896	16749	16766
16.5991	16766	16783
16.6085	16783	16800
16.6274	16800	16817
16.6533	16817	16834
16.6581	16834	16851
16.6675	16851	16868
16.6817	16868	16885
16.7005	16885	16902
16.7147	16902	16918
16.7336	16918	16934
16.7383	16934	16950
16.7619	16950	16966
16.7949	16966	16982
16.8091	16982	16998
16.8351	16998	17014
16.8445	17014	17030
16.8539	17030	17046
16.8728	17046	17062
16.9011	17062	17078
16.9059	17078	17094
16.9153	17094	17110
16.9295	17110	17126
16.9483	17126	17142
16.9625	17142	17158
16.9837	17158	17174
16.9885	17174	17190
17.0121	17190	17206
17.0451	17206	17222
17.0593	17222	17238
17.0876	17238	17254
17.097	17254	17270
17.1065	17270	17286
17.1253	17286	17302
17.156	17302	17318
17.1607	17318	17334
17.1702	17334	17350
17.1843	17350	17366
17.2032	17366	17382
17.2174	17382	17398
17.2221	17398	17414
17.241	17414	17430
17.2457	17430	17446
17.2693	17446	17462
17.3023	17462	17478
17.3165	17478	17494
17.3448	17494	17510
17.3566	17510	17526
17.3661	17526	17542
17.3849	17542	17558
17.4133	17558	17574
17.418	17574	17590
17.4274	17590	17606
17.4416	17606	17622
17.4605	17622	17638
17.4746	17638	17654
17.4793	17654	17670
17.4982	17670	17686
17.5029	17686	17702
17.5289	17702	17718
17.5619	17718	17734
17.5761	17734	17750
17.6044	17750	17766
17.6139	17766	17782
17.6233	17782	17798
17.6422	17798	17814
17.6705	17814	17830
17.6752	17830	17846
17.6847	17846	17862
17.6988	17862	17878
17.7177	17878	17894
17.7319	17894	17910
17.7366	17910	17926
17.7555	17926	17942
17.7602	17942	17958
17.7885	17958	17973
17.8215	17973	17988
17.8357	17988	18003
17.864	18003	18018
17.8735	18018	18033
17.8829	18033	18048
17.9018	18048	18063
17.9301	18063	18078
17.9348	18078	18093
17.9513	18093	18108
17.9655	18108	18123
17.9773	18123	18138
17.9915	18138	18153
17.9962	18153	18168
18.0151	18168	18183
18.0198	18183	18198
18.0481	18198	18213
18.0811	18213	18228
18.0953	18228	18243
18.1236	18243	18258
18.1331	18258	18273
18.1425	18273	18288
18.1614	18288	18303
18.1897	18303	18318
18.1944	18318	18333
18.2109	18333	18348
18.2251	18348	18363
18.2369	18363	18378
18.2511	18378	18393
18.2652	18393	18408
18.2817	18408	18423
18.2912	18423	18438
18.3077	18438	18453
18.3431	18453	18468
18.3478	18468	18483
18.362	18483	18498
18.3856	18498	18513
18.3997	18513	18528
18.4045	18528	18543
18.4233	18543	18558
18.4517	18558	18573
18.4682	18573	18588
18.4729	18588	18603
18.4871	18603	18618
18.5059	18618	18633
18.513	18633	18648
18.539	18648	18663
18.5437	18663	18678
18.5626	18678	18693
18.5815	18693	18708
18.6051	18708	18723
18.6216	18723	18738
18.631	18738	18753
18.6499	18753	18768
18.6641	18768	18783
18.6806	18783	18798
18.6877	18798	18813
18.7136	18813	18828
18.7254	18828	18843
18.7301	18843	18858
18.7396	18858	18873
18.7561	18873	18888
18.7608	18888	18903
18.7773	18903	18918
18.7821	18918	18933
18.7962	18933	18948
18.8104	18948	18963
18.8293	18963	18978
18.8481	18978	18993
18.8576	18993	19008
18.8788	19008	19023
18.8906	19023	19038
18.9071	19038	19053
18.9142	19053	19068
18.9378	19068	19083
18.9496	19083	19098
18.9543	19098	19113
18.9614	19113	19128
18.9756	19128	19143
18.9803	19143	19158
18.9968	19158	19172
19.0015	19172	19186
19.0157	19186	19200
19.0299	19200	19214
19.044	19214	19228
19.0582	19228	19242
19.0676	19242	19256
19.0865	19256	19270
19.0959	19270	19284
19.1172	19284	19298
19.1219	19298	19312
19.1479	19312	19326
19.162	19326	19340
19.1667	19340	19354
19.1715	19354	19368
19.1856	19368	19382
19.1903	19382	19396
19.2092	19396	19410
19.2139	19410	19424
19.2281	19424	19438
19.2423	19438	19452
19.2564	19452	19466
19.2706	19466	19480
19.28	19480	19494
19.2989	19494	19508
19.3083	19508	19522
19.3272	19522	19536
19.3319	19536	19550
19.3367	19550	19564
19.3626	19564	19578
19.3768	19578	19592
19.3815	19592	19606
19.3862	19606	19620
19.4004	19620	19634
19.4051	19634	19648
19.424	19648	19662
19.4287	19662	19676
19.4429	19676	19690
19.457	19690	19704
19.4712	19704	19718
19.4853	19718	19732
19.4948	19732	19746
19.5137	19746	19760
19.5231	19760	19774
19.542	19774	19788
19.5467	19788	19802
19.5514	19802	19816
19.575	19816	19830
19.5915	19830	19844
19.5963	19844	19858
19.601	19858	19872
19.6175	19872	19886
19.6222	19886	19900
19.6411	19900	19914
19.6458	19914	19928
19.66	19928	19942
19.6741	19942	19956
19.6883	19956	19970
19.7025	19970	19984
19.7119	19984	19998
19.7308	19998	20012
19.7402	20012	20026
19.7591	20026	20040
19.7638	20040	20054
19.7685	20054	20068
19.7921	20068	20082
19.811	20082	20096
19.8157	20096	20110
19.8205	20110	20124
19.8393	20124	20138
19.8441	20138	20152
19.8629	20152	20166
19.8677	20166	20180
19.8842	20180	20194
19.8983	20194	20208
19.9125	20208	20222
19.9267	20222	20236
19.9361	20236	20250
19.955	20250	20264
19.9644	20264	20278
19.9833	20278	20292
19.988	20292	20306
19.9927	20306	20320
20.0163	20320	20334
20.0352	20334	20348
20.0399	20348	20362
20.0447	20362	20376
20.0659	20376	20390
20.0706	20390	20404
20.0919	20404	20418
20.0966	20418	20432
20.1155	20432	20446
20.1296	20446	20460
20.1438	20460	20474
20.1579	20474	20488
20.1674	20488	20502
20.1863	20502	20516
20.1957	20516	20530
20.2146	20530	20543
20.2193	20543	20556
20.224	20556	20569
20.2476	20569	20582
20.2665	20582	20595
20.2712	20595	20608
20.2759	20608	20621
20.2807	20621	20634
20.2995	20634	20647
20.3043	20647	20660
20.3231	20660	20673
20.3279	20673	20686
20.3467	20686	20699
20.3633	20699	20712
20.3774	20712	20725
20.3916	20725	20738
20.401	20738	20751
20.4199	20751	20764
20.4293	20764	20777
20.4482	20777	20790
20.4529	20790	20803
20.4577	20803	20816
20.4813	20816	20829
20.5001	20829	20842
20.5049	20842	20855
20.5096	20855	20868
20.5143	20868	20881
20.5332	20881	20894
20.5379	20894	20907
20.5568	20907	20920
20.5615	20920	20933
20.5827	20933	20946
20.5969	20946	20959
20.6111	20959	20972
20.6252	20972	20985
20.6347	20985	20998
20.6535	20998	21011
20.663	21011	21024
20.6842	21024	21037
20.6889	21037	21050
20.6937	21050	21063
20.7173	21063	21076
20.7361	21076	21089
20.7409	21089	21102
20.7456	21102	21115
20.7503	21115	21128
20.7692	21128	21141
20.7739	21141	21154
20.7928	21154	21167
20.7975	21167	21180
20.8211	21180	21193
20.8353	21193	21206
20.8494	21206	21219
20.8659	21219	21232
20.8754	21232	21245
20.8943	21245	21258
20.9037	21258	21271
20.9273	21271	21284
20.932	21284	21297
20.9367	21297	21310
20.9603	21310	21323
20.9792	21323	21336
20.9839	21336	21349
20.9887	21349	21362
20.9934	21362	21375
21.0123	21375	21388
21.017	21388	21401
21.0359	21401	21414
21.0406	21414	21427
21.0642	21427	21440
21.0807	21440	21453
21.0949	21453	21466
21.1137	21466	21479
21.1232	21479	21492
21.1421	21492	21505
21.1515	21505	21518
21.1775	21518	21531
21.1822	21531	21544
21.1869	21544	21557
21.2105	21557	21570
21.2294	21570	21583
21.2341	21583	21596
21.2388	21596	21609
21.2435	21609	21622
21.2624	21622	21635
21.2671	21635	21648
21.286	21648	21661
21.2907	21661	21674
21.3143	21674	21687
21.3191	21687	21700
21.3332	21700	21713
21.3474	21713	21726
21.3686	21726	21739
21.3781	21739	21752
21.3969	21752	21765
21.4064	21765	21778
21.43	21778	21791
21.4347	21791	21804
21.4394	21804	21817
21.463	21817	21830
21.4819	21830	21843
21.4866	21843	21856
21.4913	21856	21869
21.4961	21869	21882
21.5149	21882	21895
21.5197	21895	21908
21.5385	21908	21921
21.5433	21921	21934
21.5669	21934	21947
21.5716	21947	21960
21.5857	21960	21973
21.5999	21973	21986
21.6188	21986	21999
21.6306	21999	22012
21.6495	22012	22025
21.6589	22025	22038
21.6825	22038	22051
21.6872	22051	22064
21.6919	22064	22077
21.7155	22077	22090
21.7368	22090	22103
21.7415	22103	22115
21.7462	22115	22127
21.7509	22127	22139
21.7698	22139	22151
21.7745	22151	22163
21.7934	22163	22175
21.7981	22175	22187
21.8217	22187	22199
21.8265	22199	22211
21.8406	22211	22223
21.8548	22223	22235
21.8737	22235	22247
21.8878	22247	22259
21.9091	22259	22271
21.9185	22271	22283
21.9421	22283	22295
21.9468	22295	22307
21.9515	22307	22319
21.9751	22319	22331
21.9964	22331	22343
22.0011	22343	22355
22.0082	22355	22367
22.0129	22367	22379
22.0318	22379	22391
22.0365	22391	22403
22.053	22403	22415
22.0577	22415	22427
22.0813	22427	22439
22.0861	22439	22451
22.1026	22451	22463
22.1144	22463	22475
22.1333	22475	22487
22.1474	22487	22499
22.171	22499	22511
22.1805	22511	22523
22.2017	22523	22535
22.2064	22535	22547
22.2206	22547	22559
22.2371	22559	22571
22.2607	22571	22583
22.2725	22583	22595
22.2819	22595	22607
22.289	22607	22619
22.3055	22619	22631
22.315	22631	22643
22.3197	22643	22655
22.3433	22655	22667
22.3527	22667	22679
22.3645	22679	22691
22.3693	22691	22703
22.3858	22703	22715
22.3976	22715	22727
22.4188	22727	22739
22.433	22739	22751
22.4424	22751	22763
22.4613	22763	22775
22.4731	22775	22787
22.4967	22787	22799
22.5156	22799	22811
22.5203	22811	22823
22.5321	22823	22835
22.551	22835	22847
22.5675	22847	22859
22.5722	22859	22871
22.5817	22871	22883
22.5982	22883	22895
22.6123	22895	22907
22.6289	22907	22919
22.6336	22919	22931
22.6477	22931	22943
22.6572	22943	22955
22.6737	22955	22967
22.6926	22967	22979
22.702	22979	22991
22.7209	22991	23003
22.7351	23003	23015
22.7587	23015	23027
22.7634	23027	23039
22.7799	23039	23051
22.7964	23051	23063
22.8082	23063	23075
22.8247	23075	23087
22.8295	23087	23099
22.8389	23099	23111
22.8554	23111	23123
22.8672	23123	23135
22.8719	23135	23147
22.8908	23147	23159
22.9003	23159	23171
22.9168	23171	23183
22.9309	23183	23195
22.9357	23195	23207
22.9498	23207	23219
22.9758	23219	23231
22.9947	23231	23243
23.0183	23243	23255
23.023	23255	23267
23.0395	23267	23279
23.0607	23279	23291
23.0702	23291	23303
23.082	23303	23315
23.1151	23315	22512
23.2331	22512	21976
23.2615	21976	21708
23.2639	21708	20904
23.2875	20904	20636
23.2898	20636	20368
23.2922	20368	20100
23.3087	20100	19832
23.3111	19832	19564
23.3205	19564	18760
23.3229	18760	18492
23.3252	18492	18224
23.337	18224	17956
23.3394	17956	17688
23.3559	17688	17420
23.3583	17420	17152
23.3606	17152	16884
23.3795	16884	16616
23.3866	16616	16348
23.396	16348	16080
23.4031	16080	15812
23.4055	15812	15544
23.4125	15544	15276
23.4149	15276	15008
23.4173	15008	14740
23.4314	14740	14472
23.4338	14472	14204
23.4409	14204	13936
23.4432	13936	13668
23.4456	13668	13400
23.4621	13400	13132
23.4645	13132	12864
23.4739	12864	12596
23.4857	12596	12328
23.4881	12328	12060
23.4999	12060	11792
23.5022	11792	11524
23.5234	11524	10988
23.5799	10988	11014
23.5988	11014	11040
23.6413	11040	11066
23.6625	11066	11091
23.6861	11091	11116
23.6956	11116	11141
23.7286	11141	11166
23.7617	11166	11191
23.7805	11191	11216
23.8089	11216	11241
23.8136	11241	11266
23.8325	11266	11291
23.8749	11291	11316
23.8962	11316	11341
23.9198	11341	11366
23.9292	11366	11391
23.9623	11391	11416
23.9953	11416	11441
24.0142	11441	11466
24.0449	11466	11491
24.0496	11491	11516
24.0685	11516	11540
24.1109	11540	11564
24.1345	11564	11588
24.1605	11588	11612
24.1699	11612	11636
24.203	11636	11660
24.236	11660	11684
24.2549	11684	11708
24.2879	11708	11732
24.2927	11732	11756
24.3115	11756	11780
24.354	11780	11804
24.3776	11804	11828
24.4083	11828	11852
24.4177	11852	11876
24.4508	11876	11900
24.4838	11900	11924
24.5027	11924	11948
24.5381	11948	11972
24.5428	11972	11995
24.5617	11995	12018
24.6042	12018	12041
24.6089	12041	12064
24.6325	12064	12087
24.6608	12087	12110
24.6703	12110	12133
24.7057	12133	12156
24.7387	12156	12179
24.7576	12179	12202
24.7906	12202	12225
24.7953	12225	12248
24.8142	12248	12271
24.8567	12271	12294
24.8614	12294	12317
24.885	12317	12340
24.9133	12340	12363
24.9228	12363	12386
24.9582	12386	12409
24.9912	12409	12432
25.0101	12432	12455
25.0431	12455	12478
25.0479	12478	12501
25.0667	12501	12523
25.1116	12523	12545
25.1163	12545	12567
25.1399	12567	12589
25.1682	12589	12611
25.1777	12611	12633
25.2154	12633	12655
25.2508	12655	12677
25.2697	12677	12699
25.3027	12699	12721
25.3075	12721	12743
25.3263	12743	12765
25.3712	12765	12787
25.3759	12787	12809
25.3995	12809	12831
25.4278	12831	12853
25.4373	12853	12875
25.4774	12875	12897
25.5104	12897	12919
25.5317	12919	12941
25.5647	12941	12963
25.5694	12963	12985
25.5859	12985	13007
25.6331	13007	13029
25.6379	13029	13051
25.6591	13051	13073
25.6874	13073	13094
25.6992	13094	13115
25.7134	13115	13136
25.7417	13136	13157
25.7724	13157	13178
25.7936	13178	13199
25.829	13199	13220
25.8385	13220	13241
25.8479	13241	13262
25.8975	13262	13283
25.9093	13283	13304
25.9211	13304	13325
25.9494	13325	13346
25.9635	13346	13367
25.9824	13367	13388
26.0037	13388	13409
26.0343	13409	13430
26.0556	13430	13451
26.091	13451	13472
26.1193	13472	13493
26.124	13493	13514
26.1594	13514	13535
26.1807	13535	13556
26.1854	13556	13577
26.2113	13577	13598
26.2373	13598	13619
26.2444	13619	13640
26.2656	13640	13661
26.2939	13661	13682
26.3152	13682	13702
26.3506	13702	13722
26.3789	13722	13742
26.3836	13742	13762
26.4143	13762	13782
26.4308	13782	13802
26.4355	13802	13822
26.4544	13822	13842
26.4686	13842	13862
26.4733	13862	13882
26.4898	13882	13902
26.5229	13902	13922
26.5417	13922	13942
26.5771	13942	13962
26.6007	13962	13982
26.6055	13982	14002
26.6338	14002	14022
26.6479	14022	14042
26.6527	14042	14062
26.6692	14062	14082
26.6833	14082	14102
26.6881	14102	14122
26.7022	14122	14142
26.7258	14142	14162
26.7471	14162	14182
26.7518	14182	14202
26.7848	14202	14222
26.8084	14222	14242
26.8131	14242	14262
26.8438	14262	14282
26.858	14282	14302
26.8627	14302	14322
26.8816	14322	14342
26.8957	14342	14362
26.9005	14362	14382
26.9146	14382	14401
26.9382	14401	14420
26.9571	14420	14439
26.9618	14439	14458
26.9949	14458	14477
27.0208	14477	14496
27.0255	14496	14515
27.0539	14515	14534
27.068	14534	14553
27.0727	14553	14572
27.0916	14572	14591
27.1058	14591	14610
27.1105	14610	14629
27.1247	14629	14648
27.1483	14648	14667
27.1671	14667	14686
27.1719	14686	14705
27.2073	14705	14724
27.2309	14724	14743
27.2356	14743	14762
27.2639	14762	14781
27.2781	14781	14800
27.2828	14800	14819
27.304	14819	14838
27.3182	14838	14857
27.3229	14857	14876
27.3371	14876	14895
27.3607	14895	14914
27.3795	14914	14933
27.3843	14933	14952
27.422	14952	14971
27.4456	14971	14990
27.4503	14990	15009
27.4787	15009	15028
27.4928	15028	15047
27.4975	15047	15066
27.5235	15066	15085
27.5377	15085	15104
27.5424	15104	15123
27.5565	15123	15141
27.5801	15141	15159
27.599	15159	15177
27.6037	15177	15195
27.6415	15195	15213
27.6675	15213	15231
27.6722	15231	15249
27.6769	15249	15267
27.7052	15267	15285
27.7194	15285	15303
27.7241	15303	15321
27.7524	15321	15339
27.7689	15339	15357
27.7737	15357	15375
27.7878	15375	15393
27.8114	15393	15411
27.8303	15411	15429
27.835	15429	15447
27.8728	15447	15465
27.8964	15465	15483
27.9011	15483	15501
27.9058	15501	15519
27.9341	15519	15537
27.9483	15537	15555
27.953	15555	15573
27.9837	15573	15591
27.9979	15591	15609
28.0026	15609	15627
28.0167	15627	15645
28.0403	15645	15663
28.0592	15663	15681
28.0639	15681	15699
28.1017	15699	15717
28.1253	15717	15735
28.13	15735	15753
28.1347	15753	15771
28.1654	15771	15789
28.1796	15789	15807
28.1843	15807	15825
28.2126	15825	15843
28.2268	15843	15861
28.2315	15861	15879
28.248	15879	15897
28.2716	15897	15915
28.2905	15915	15933
28.2952	15933	15951
28.333	15951	15969
28.3566	15969	15986
28.3613	15986	16003
28.366	16003	16020
28.3991	16020	16037
28.4132	16037	16054
28.4179	16054	16071
28.4463	16071	16088
28.4604	16088	16105
28.4651	16105	16122
28.484	16122	16139
28.5076	16139	16156
28.5265	16156	16173
28.5312	16173	16190
28.5713	16190	16207
28.5949	16207	16224
28.5997	16224	16241
28.6044	16241	16258
28.6398	16258	16275
28.6539	16275	16292
28.6587	16292	16309
28.687	16309	16326
28.6917	16326	16343
28.7059	16343	16360
28.7106	16360	16377
28.7295	16377	16394
28.7554	16394	16411
28.7743	16411	16428
28.779	16428	16445
28.8215	16445	16462
28.8451	16462	16479
28.8498	16479	16496
28.8545	16496	16513
28.8876	16513	16530
28.9017	16530	16547
28.9065	16547	16564
28.9348	16564	16581
28.9395	16581	16598
28.9537	16598	16615
28.9584	16615	16632
28.9773	16632	16649
29.0009	16649	16666
29.0197	16666	16683
29.0245	16683	16700
29.0669	16700	16717
29.0929	16717	16734
29.0976	16734	16751
29.1023	16751	16768
29.1354	16768	16785
29.1495	16785	16802
29.1543	16802	16819
29.1826	16819	16836
29.1873	16836	16853
29.2015	16853	16870
29.2062	16870	16887
29.2274	16887	16904
29.251	16904	16920
29.2699	16920	16936
29.2746	16936	16952
29.3195	16952	16968
29.3431	16968	16984
29.3478	16984	17000
29.3525	17000	17016
29.3855	17016	17032
29.3997	17032	17048
29.4044	17048	17064
29.4327	17064	17080
29.4375	17080	17096
29.4516	17096	17112
29.4563	17112	17128
29.4799	17128	17144
29.5035	17144	17160
29.5224	17160	17176
29.5271	17176	17192
29.5743	17192	17208
29.5979	17208	17224
29.6027	17224	17240
29.6074	17240	17256
29.6428	17256	17272
29.6569	17272	17288
29.6617	17288	17304
29.69	17304	17320
29.6947	17320	17336
29.7089	17336	17352
29.7136	17352	17368
29.7372	17368	17384
29.7631	17384	17400
29.7679	17400	17416
29.7867	17416	17432
29.7915	17432	17448
29.8363	17448	17464
29.8599	17464	17480
29.867	17480	17496
29.8788	17496	17512
29.9047	17512	17528
29.9189	17528	17544
29.9378	17544	17560
29.9519	17560	17576
29.9614	17576	17592
29.9708	17592	17608
29.9755	17608	17624
29.9991	17624	17640
30.0251	17640	17656
30.0322	17656	17672
30.0487	17672	17688
30.0605	17688	17704
30.0983	17704	17720
30.1219	17720	17736
30.1384	17736	17752
30.1573	17752	17768
30.1667	17768	17784
30.1809	17784	17800
30.1997	17800	17816
30.221	17816	17832
30.2257	17832	17848
30.2351	17848	17864
30.2469	17864	17880
30.2611	17880	17896
30.2806	17896	17912
30.3089	17912	17928
30.3137	17928	17944
30.3375	17944	17960
30.3611	17960	17975
30.38	17975	17990
30.4012	17990	18005
30.4083	18005	18020
30.4248	18020	18035
30.4508	18035	18050
30.4673	18050	18065
30.4838	18065	18080
30.4885	18080	18095
30.498	18095	18110
